ID	baseMean	log2FoldChange	lfcSE	stat	pvalue	padj	Significant
F9Z36_0001	21.6603905357839	1.35418690772103	0.437481655830619	3.09541414976571	0.00196538259294208	0.00638520099013375	TRUE
F9Z36_0002	300.528446145889	1.48047249084552	0.242513016966697	6.10471350924981	1.0298523864146e-09	1.57606774490049e-08	TRUE
F9Z36_0003	109.816972887846	1.23216582631575	0.322824398289892	3.81682993244297	0.000135177276248294	0.000608589073454064	TRUE
F9Z36_0029	48.2276210286899	-1.1630882249757	0.419077350547329	-2.77535453408939	0.00551415606880507	0.0157149686599369	TRUE
F9Z36_0033	1840.13276648752	-1.05713715343499	0.274214647401041	-3.85514473225393	0.000115661182284682	0.00053573438978426	TRUE
F9Z36_0037	481.573667129595	-1.87682887794408	0.291027093130423	-6.44898334981817	1.12602931628766e-10	2.21912758653294e-09	TRUE
F9Z36_0067	84.3805966427447	1.43989000202043	0.518547212691625	2.77677705477653	0.00549008226490985	0.0156891680593662	TRUE
F9Z36_0068	206.872751814793	1.12544551853164	0.34033904260465	3.30683635329784	0.000943559967030776	0.00338095501050993	TRUE
F9Z36_0072	7402.07588336415	1.23337215387655	0.179926445196888	6.85486867995926	7.13780575637708e-12	1.77510431250854e-10	TRUE
F9Z36_0073	21393.6513287468	1.2208268077782	0.187814296049524	6.50018040935654	8.02237455342789e-11	1.62706217884572e-09	TRUE
F9Z36_0082	132.312748476732	1.59500652216196	0.271322155895756	5.87864458358047	4.13639424230852e-09	5.42763016188806e-08	TRUE
F9Z36_0085	1911.60878528477	-1.08819476295771	0.15729561514742	-6.91815065498065	4.57577542629895e-12	1.24140193058942e-10	TRUE
F9Z36_0102	612.847688391851	1.20051453797037	0.235000338019675	5.1085651539355	3.24614470133225e-07	2.84924213490886e-06	TRUE
F9Z36_0107	395.817563791048	1.19601059564698	0.274456912307639	4.35773537489328	1.31415138259607e-05	7.75497807413332e-05	TRUE
F9Z36_0109	363.686604636275	1.09020115105738	0.219156068467804	4.97454238287516	6.54019544503756e-07	5.23466217803964e-06	TRUE
F9Z36_0112	720.250477189296	1.10751635210956	0.37364995233405	2.96404788811378	0.00303621033334004	0.00935493124829991	TRUE
F9Z36_0118	1022.49526363487	-1.29244899302363	0.167537428611394	-7.71438957691949	1.21562629005859e-14	5.29050691652584e-13	TRUE
F9Z36_0127	2.84049010465745	-2.5014804486632	1.05619146246502	-2.36839677043503	0.017865365168648	0.0425550146377487	TRUE
F9Z36_0135	6980.31703524297	-1.29368972642842	0.261926295111593	-4.93913650737987	7.84692684614774e-07	6.0265552138245e-06	TRUE
F9Z36_0142	712.330041879164	-1.41446046433544	0.290397291348522	-4.87077705775797	1.11160209989094e-06	8.29334566668635e-06	TRUE
F9Z36_0161	3377.69380698521	-1.1566324352822	0.148381386475039	-7.79499681704869	6.44101023518499e-15	3.12913264681429e-13	TRUE
F9Z36_0177	20983.0493754456	1.1491308792751	0.192228527814501	5.97794142388689	2.25974953708581e-09	3.12623628011407e-08	TRUE
F9Z36_0185	438.640252992847	1.00195940353698	0.279130900223742	3.58956820163531	0.000331226165617767	0.00134617015559439	TRUE
F9Z36_0196	11493.7350284691	-3.69960648043084	0.262780478596791	-14.0786960286631	5.13485243699234e-45	1.0726706740877e-41	TRUE
F9Z36_0201	825.998368474539	1.10460711293763	0.25547268743629	4.32377771581981	1.53379842545945e-05	8.91939328350792e-05	TRUE
F9Z36_0227	7218.90274382617	1.85846706067516	0.279075006890338	6.65938193958533	2.74981487063086e-11	6.17673469327728e-10	TRUE
F9Z36_0234	1615.62447264849	-1.22756435626842	0.149940230760527	-8.1870245900114	2.6776347905379e-16	1.41795222883339e-14	TRUE
F9Z36_0235	368.483755073044	1.28276887783705	0.209088267370243	6.13505910193226	8.51275403358746e-10	1.3785382307104e-08	TRUE
F9Z36_0236	15239.4882394614	-2.22118214876519	0.222563738770238	-9.97998218864488	1.86500257307938e-23	3.89599037516284e-21	TRUE
F9Z36_0243	4201.7921450672	-1.55899557560578	0.188033672347431	-8.29104466313464	1.12258119186079e-16	6.33803272918158e-15	TRUE
F9Z36_0247	1002.60494605974	1.0797706735976	0.173376801409861	6.22788438140021	4.72775742923835e-10	8.09531579481879e-09	TRUE
F9Z36_0249	21729.7196733261	-1.71573196450956	0.346859290513115	-4.9464783312318	7.5568135208285e-07	5.86675409239276e-06	TRUE
F9Z36_0259	1561.1197013578	1.05530423053493	0.20692385585177	5.09996407224743	3.39717959222602e-07	2.96933396157329e-06	TRUE
F9Z36_0261	36.2847483380616	3.12803582577116	0.46336795953802	6.75065196326874	1.47182272787419e-11	3.41129524828647e-10	TRUE
F9Z36_0264	9793.74474153366	1.32533451642652	0.132218184682977	10.0238444477536	1.1975216322265e-23	2.77958076635685e-21	TRUE
F9Z36_0272	191.04955583053	1.12015576896509	0.269868368783139	4.15074865578344	3.31389525781132e-05	0.000177051846382809	TRUE
F9Z36_0276	575.052247664508	1.05211462018812	0.210562730041867	4.99668018162059	5.83256785253224e-07	4.74094717663029e-06	TRUE
F9Z36_0288	12402.9455396474	-1.37634583805786	0.245033661821777	-5.61696637035497	1.94339228726156e-08	2.21229505044886e-07	TRUE
F9Z36_0300	232.179204057799	-1.23023318386846	0.249378225736247	-4.93320208785831	8.08923835731648e-07	6.16730617826063e-06	TRUE
F9Z36_0304	28.0204585684302	-1.39346354975137	0.503821252534116	-2.76578953893378	0.00567851699304189	0.0160737425453449	TRUE
F9Z36_0305	168.48915712766	-1.0743213212371	0.458289796191567	-2.34419646731133	0.0190681240725354	0.0450942638513634	TRUE
F9Z36_0307	200.690405376069	-1.06723133228426	0.210926001791049	-5.05974286347825	4.19822242006765e-07	3.57962719817196e-06	TRUE
F9Z36_0311	11533.7964402672	-1.1645007996086	0.290951743348963	-4.00238467797018	6.27072348319104e-05	0.000316414042424784	TRUE
F9Z36_0317	7949.37836950211	-1.45159155737416	0.281606853190451	-5.15467411722557	2.54072387918557e-07	2.26819324086267e-06	TRUE
F9Z36_0324	4531.69363227774	-1.08179643383958	0.146407788563359	-7.38892680816243	1.48018613347455e-13	5.62201605968788e-12	TRUE
F9Z36_0339	107.509563941739	1.20073933003015	0.27079614940286	4.43410784340151	9.24543410032832e-06	5.56591119181149e-05	TRUE
F9Z36_0360	9948.68292075458	1.18196072727598	0.219469195878557	5.38554270700484	7.22263822072227e-08	7.08361091224827e-07	TRUE
F9Z36_0361	34.4949083543701	1.35159057248567	0.359040218775392	3.76445451458237	0.000166913046058602	0.000735614669232952	TRUE
F9Z36_0363	1270.76705040963	1.18625195684698	0.160415426379317	7.39487456799805	1.41541819661049e-13	5.57888417494212e-12	TRUE
F9Z36_0366	482.377816210773	-2.08665698514508	0.238755711262976	-8.73971547782888	2.33698241234612e-18	1.74355580692537e-16	TRUE
F9Z36_0367	2268.23435829904	1.53166061027102	0.347187511569726	4.41162357293894	1.02598371519762e-05	6.12365708870811e-05	TRUE
F9Z36_0368	1074.44040056295	1.69298272933751	0.288029149549041	5.87781733893312	4.15711261800905e-09	5.42763016188806e-08	TRUE
F9Z36_0370	6427.66271867942	3.01025553950798	0.326868409697059	9.20938044241681	3.28012670041369e-20	3.60641298798116e-18	TRUE
F9Z36_0401	14.08223814614	-1.23235634735708	0.5330684060232	-2.31181652004236	0.0207877966414426	0.0484121596253885	TRUE
F9Z36_0404	1366.06033066945	-1.14476796212594	0.191157616422889	-5.98860763985162	2.11645048243774e-09	2.94751003854162e-08	TRUE
F9Z36_0406	576.166876679338	-1.02547665358838	0.192054371636998	-5.3395121644335	9.31970167469765e-08	8.84948036292882e-07	TRUE
F9Z36_0412	150.204482620145	-1.05730895933512	0.27308200026899	-3.87176363983586	0.000108050703275789	0.000507231278973309	TRUE
F9Z36_0423	412.184583210596	1.6276700492437	0.223847748538237	7.2713264255399	3.55974572468262e-13	1.23938480314367e-11	TRUE
F9Z36_0435	3461.93949104924	-1.30702371006139	0.214732299422474	-6.08675878559794	1.15219357345005e-09	1.744153894882e-08	TRUE
F9Z36_0439	590.547293602584	1.2259134438476	0.254624472244459	4.81459395101124	1.47499497622768e-06	1.05522757032179e-05	TRUE
F9Z36_0458	355.027921827366	-1.2408326045155	0.358594721234031	-3.46026455784241	0.000539644916456621	0.00205715005561657	TRUE
F9Z36_0461	8930.27968685633	-1.00048690285357	0.157573545729846	-6.34933293034393	2.16250574054587e-10	3.99776503716843e-09	TRUE
F9Z36_0472	64.5995801002048	-1.70450241592626	0.298508118122505	-5.71007055569172	1.12929346733396e-08	1.35580118003486e-07	TRUE
F9Z36_0485	3009.18960110825	-2.62991989418953	0.293469572878181	-8.96147381957451	3.20367271060502e-19	3.18689156783518e-17	TRUE
F9Z36_0514	3226.50712504041	-1.13294978180049	0.209151995055372	-5.41687293731313	6.06504095500359e-08	6.10001062784052e-07	TRUE
F9Z36_0520	266.754260128868	1.3371728668483	0.204122363033493	6.55083963842263	5.72144725049164e-11	1.21960237819153e-09	TRUE
F9Z36_0530	251.116922493753	1.33634725892974	0.270172484700727	4.94627445281864	7.56472846908912e-07	5.86675409239276e-06	TRUE
F9Z36_0535	1259.41955816879	-1.42204870722522	0.194229575156756	-7.32148389902791	2.45243753247326e-13	8.83300345747696e-12	TRUE
F9Z36_0538	742.939200146259	1.05159733012287	0.237579219859134	4.42630180680947	9.58623773390312e-06	5.73800877539359e-05	TRUE
F9Z36_0539	212.158675095687	2.70816691074011	0.326859692017014	8.28541107050651	1.17701832018649e-16	6.47050334439365e-15	TRUE
F9Z36_0541	584.07548855954	1.420751797134	0.133673531976428	10.6285199180981	2.19569336713085e-26	1.14670086098409e-23	TRUE
F9Z36_0544	4236.27943964084	-3.84229074606285	0.639409153676738	-6.00912690093482	1.8652508628089e-09	2.65068643020938e-08	TRUE
F9Z36_0549	604.17747130699	3.06334690658518	0.278400132460646	11.0033960095842	3.68006361766002e-28	2.56255096576393e-25	TRUE
F9Z36_0550	29.9234891240615	1.1073788793313	0.353583033048478	3.1318778782563	0.00173692106802798	0.00574118372011148	TRUE
F9Z36_0558	697.4303154889	1.20232206653848	0.208956976374585	5.75392163209305	8.7196590614209e-09	1.06522618592446e-07	TRUE
F9Z36_0568	274.624426635048	1.41811487819227	0.166998101769698	8.49180238077164	2.03456764243765e-17	1.21434623001493e-15	TRUE
F9Z36_0595	160.290050068928	-1.24140477984036	0.367986696067854	-3.37350451281383	0.000742178299217613	0.00273440999482468	TRUE
F9Z36_0596	5466.06617733635	-1.11988491892879	0.177341381435607	-6.31485392672114	2.70416774248786e-10	4.86983311556649e-09	TRUE
F9Z36_0611	1643.38569409182	1.09923083923975	0.174838173566933	6.28713293449578	3.23382456696109e-10	5.77389702596727e-09	TRUE
F9Z36_0625	29.8983719408885	-1.759374799196	0.601020952303124	-2.92731025840952	0.00341907613514034	0.0103478426837426	TRUE
F9Z36_0628	44.5066253374375	-1.55630034108114	0.408797760910087	-3.8070177723489	0.00014065264113643	0.000630522247497859	TRUE
F9Z36_0633	464.339460477102	-1.66240084875823	0.214255032318121	-7.75898157803796	8.56140838729723e-15	3.97439602690309e-13	TRUE
F9Z36_0640	5.67959754529389	2.89641082882595	0.77645186222672	3.73031603082203	0.000191239740441459	0.000825412846657456	TRUE
F9Z36_0642	3878.48408258256	-1.31507889435555	0.266726674055663	-4.93043636903411	8.20461383746128e-07	6.23252302052968e-06	TRUE
F9Z36_0644	62.848393401398	1.1887380235507	0.313164929278921	3.79588489135048	0.000147117752620183	0.000656685865862311	TRUE
F9Z36_0659	3842.12204388334	-1.00321911574238	0.134214579664253	-7.47474021266544	7.73565200240939e-14	3.10764942942946e-12	TRUE
F9Z36_0661	47.8908447220785	-1.09174473194889	0.255018010726044	-4.28104951819151	1.86013957088246e-05	0.000105880969034699	TRUE
F9Z36_0690	445.151510350739	1.0426650060766	0.150400220774611	6.93260289583701	4.13166814626595e-12	1.13614579800744e-10	TRUE
F9Z36_0691	983.465842116216	1.86144994543992	0.21272315164404	8.75057524793905	2.12267904389909e-18	1.64232463803896e-16	TRUE
F9Z36_0707	568.403814160021	1.0776249608635	0.236526282187644	4.5560474332767	5.21251703104479e-06	3.3299535406277e-05	TRUE
F9Z36_0721	60.1992052817681	1.25156010372195	0.346942944651075	3.60739459619407	0.000309287115821946	0.00125945572115408	TRUE
F9Z36_0728	5545.29590392545	1.06556374561389	0.153361737984749	6.94804166681952	3.70391621816943e-12	1.04560553780486e-10	TRUE
F9Z36_0744	98.6657236940449	1.0592733850782	0.30405094772948	3.48386805891709	0.000494223062043934	0.00190134802322243	TRUE
F9Z36_0746	77.3003734814343	-2.61041246085968	0.421533793900668	-6.19265287535833	5.91599229368586e-10	9.8868063212078e-09	TRUE
F9Z36_0750	1657.88779544274	1.56501629420603	0.177940558404236	8.79516344244974	1.42839908826583e-18	1.19357027815493e-16	TRUE
F9Z36_0756	196.697607676999	-2.0943901307134	0.356839874565249	-5.86927156967833	4.37713967463057e-09	5.64434862981683e-08	TRUE
F9Z36_0773	635.918707349016	2.15426086097353	0.242290821802001	8.89121942363122	6.04418870702492e-19	5.48970009085872e-17	TRUE
F9Z36_0775	1330.35536498627	1.05597937349485	0.333404103241184	3.16726567918377	0.00153879664384059	0.00515345595356901	TRUE
F9Z36_0776	1333.74246292747	1.04773384118795	0.327987304455919	3.19443413496137	0.00140105251292903	0.00475902227562398	TRUE
F9Z36_0777	1701.79095471123	2.26941907721828	0.336055985351106	6.75309822215257	1.44720893368009e-11	3.39687580051428e-10	TRUE
F9Z36_0778	593.478341706336	3.15638861319712	0.308120403517046	10.24401038415	1.25906711201034e-24	3.287738996237e-22	TRUE
F9Z36_0779	5599.73947464478	1.50744894831588	0.383472056359296	3.93105292371935	8.45746502455659e-05	0.000410825087135783	TRUE
F9Z36_0780	1473.10382965133	2.12619596355591	0.331110631122373	6.42140651403641	1.35020923716551e-10	2.58769458388877e-09	TRUE
F9Z36_0783	701.571411427474	1.54563959308277	0.243493842618091	6.34775638046432	2.18477690718127e-10	4.00350785886112e-09	TRUE
F9Z36_0789	168.32182935294	1.17438668267444	0.218773374102219	5.3680512424959	7.95919425983719e-08	7.73337525990692e-07	TRUE
F9Z36_0790	109.91578344086	1.65586903481826	0.400019091562795	4.1394750144277	3.48101509091746e-05	0.000184097228479154	TRUE
F9Z36_0796	819.087740023943	-1.19163402690473	0.190544656698048	-6.25383071640305	4.0050513012142e-10	7.03071610776174e-09	TRUE
F9Z36_0804	3980.11456413986	-1.79434615491331	0.186057618831208	-9.64403482203622	5.20989767701721e-22	7.77391160520639e-20	TRUE
F9Z36_0809	2276.61735695443	1.08698487678309	0.156013551400504	6.96724654381257	3.23203999052799e-12	9.37740491696246e-11	TRUE
F9Z36_0811	23.286172702956	2.68128288594608	0.449849200688892	5.96040380162954	2.5161539209128e-09	3.45805627683345e-08	TRUE
F9Z36_0834	319.24740394709	1.12245172001468	0.351600762238775	3.19240411444961	0.00141093781040646	0.00478481994470633	TRUE
F9Z36_0849	85.1604448178921	2.25822107286864	0.934707714692039	2.41596494537617	0.0156935721336178	0.0379923887641989	TRUE
F9Z36_0851	1788.51217757544	3.0826582712734	0.298299454369847	10.3341063019558	4.93995185480605e-25	1.71992657078164e-22	TRUE
F9Z36_0854	4637.22720299497	-1.38345740590984	0.15018554488997	-9.21165486947092	3.21135178974048e-20	3.60641298798116e-18	TRUE
F9Z36_0856	54.2821204172165	-1.70757706771464	0.43876767470064	-3.89175676827076	9.95209902969361e-05	0.000470360517489365	TRUE
F9Z36_0866	38.7573462166108	1.28931629182782	0.351514727208485	3.66788698176825	0.000244563235670444	0.0010258887536457	TRUE
F9Z36_0873	3425.86113206931	1.10649214601859	0.177019200108637	6.2506900118153	4.08643236123261e-10	7.11379766884578e-09	TRUE
F9Z36_0882	6274.20922087689	-1.13028202485042	0.246154882817058	-4.59175138804963	4.39541779275068e-06	2.87837861098939e-05	TRUE
F9Z36_0884	4289.96449851186	-1.26581572015948	0.209227876049612	-6.0499382016349	1.4490140742364e-09	2.13168338104214e-08	TRUE
F9Z36_0890	2527.80846270532	-1.56802345523669	0.279596862254754	-5.60815826970186	2.04490986011539e-08	2.27256472894886e-07	TRUE
F9Z36_0899	2644.86741961922	1.12268957491411	0.394755345606227	2.8440136084541	0.00445491451681651	0.0131074879234221	TRUE
F9Z36_0900	683.436935144088	3.05774265862272	0.608470932397162	5.02528961667287	5.02673357560031e-07	4.20033857577162e-06	TRUE
F9Z36_0902	4995.27195936089	2.06387978469343	0.285881060316927	7.21936522274479	5.22308051534692e-13	1.7319071740571e-11	TRUE
F9Z36_0911	3065.33676539092	1.2658284888075	0.196329474164544	6.44747047886762	1.13732315595841e-10	2.22043745121225e-09	TRUE
F9Z36_0915	2243.82836060918	-1.01846238615252	0.224165440829801	-4.5433514746182	5.53668204012805e-06	3.51554066316945e-05	TRUE
F9Z36_0925	980.084040718451	1.12265988183119	0.413697498068157	2.71372170988143	0.00665320311809186	0.0183501679120456	TRUE
F9Z36_0943	5563.0355209547	-4.00280214664638	0.918550450159669	-4.3577379401976	1.31413598399233e-05	7.75497807413332e-05	TRUE
F9Z36_0944	619.036861333011	-2.8266928495327	0.356264834964805	-7.93424602181675	2.11777923435458e-15	1.07903434647969e-13	TRUE
F9Z36_0950	813.447594226002	1.3438880548269	0.241770277204224	5.55853296098808	2.72051587425338e-08	2.95997794860172e-07	TRUE
F9Z36_0958	294.336786567955	-2.00330041699819	0.201365317940204	-9.94858716232889	2.55788739429516e-23	4.85766069698417e-21	TRUE
F9Z36_0959	21657.6282522911	2.42694424901706	0.260401584764395	9.32000567973848	1.1633407388697e-20	1.42954047264635e-18	TRUE
F9Z36_0961	276.892127648575	-1.26876722230755	0.312808602540692	-4.05604964825895	4.9909654900009e-05	0.000258072448232967	TRUE
F9Z36_0966	57.915405012159	-1.48179691632733	0.351091019146381	-4.22054918958072	2.43707869993236e-05	0.000133273754035568	TRUE
F9Z36_0967	3934.28383817231	-1.32637627410249	0.202993364907748	-6.53408683926824	6.39988057953301e-11	1.33693505306445e-09	TRUE
F9Z36_0975	5148.12357803086	1.00776670823211	0.198716003808437	5.0713917798166	3.94916817244432e-07	3.39498449063218e-06	TRUE
F9Z36_0983	116.588018846455	1.10423641561187	0.400885780497409	2.75449135222946	0.00587834434061563	0.0165051899563791	TRUE
F9Z36_0987	1475.67664353809	-1.36587440107272	0.223215689247258	-6.11907884109224	9.41178324176797e-10	1.47589342160803e-08	TRUE
F9Z36_0991	687.719528961942	1.1809113275146	0.136013698587562	8.68229700227111	3.8785503310507e-18	2.79389366950514e-16	TRUE
F9Z36_0996	5837.39967445384	-1.38964678327438	0.240026236879342	-5.78956201347662	7.05701990210999e-09	8.77506819970701e-08	TRUE
F9Z36_1006	1273.47189055505	1.08853842426626	0.215016266213804	5.06258639606298	4.13606525900579e-07	3.54108210084553e-06	TRUE
F9Z36_1007	382.491244383863	1.40116766419346	0.204641883062049	6.84692519061999	7.54541491121911e-12	1.85439667641609e-10	TRUE
F9Z36_1015	2144.1070676536	1.77452994761065	0.172803490522803	10.2690630972902	9.71434679133939e-25	2.89903863530114e-22	TRUE
F9Z36_1016	1791.59345323251	1.06836335055258	0.185495324695523	5.7595163236929	8.43553018521601e-09	1.03657779746566e-07	TRUE
F9Z36_1017	166.51843649134	1.01918545403858	0.197696293960455	5.15530885087023	2.5321322678424e-07	2.26819324086267e-06	TRUE
F9Z36_1020	1060.96875176009	1.02959721187814	0.198629569446354	5.18350422219595	2.17755296661014e-07	1.97778615097765e-06	TRUE
F9Z36_1024	843.442859659228	1.06842744388804	0.194733604583119	5.48661052197595	4.09719116630774e-08	4.34468647026237e-07	TRUE
F9Z36_1030	23639.6398761468	-1.24937029644663	0.233099386736006	-5.35981803273293	8.33058190271689e-08	8.05675259017388e-07	TRUE
F9Z36_1033	181.418277088236	-2.21873859968868	0.395447913457635	-5.61069745011153	2.01512803018875e-08	2.27256472894886e-07	TRUE
F9Z36_1041	587.049066329349	-1.18319792459244	0.23719297231559	-4.98833465866002	6.09020025703383e-07	4.89324166805526e-06	TRUE
F9Z36_1042	9245.81949686256	-1.22166476109378	0.280816532583109	-4.3504018437099	1.35888274027374e-05	7.97389338323551e-05	TRUE
F9Z36_1043	53.4196231810339	-1.65922502186446	0.658227513843693	-2.52074698636567	0.0117106021825483	0.0296886504360963	TRUE
F9Z36_1044	3182.36383326411	-1.43051518434718	0.231101079104293	-6.18999785674563	6.0165033076598e-10	9.97498048388994e-09	TRUE
F9Z36_1045	12466.9564675822	-2.1080033321878	0.25753361244394	-8.18535224269676	2.71508325291218e-16	1.41795222883339e-14	TRUE
F9Z36_1048	1070.0006167856	-1.04484039659762	0.18431300162068	-5.66883718137219	1.43769907352187e-08	1.69680981050124e-07	TRUE
F9Z36_1054	2109.65747536332	-1.13248307698892	0.126447040030844	-8.95618495073253	3.36106009903977e-19	3.19147933949731e-17	TRUE
F9Z36_1058	42.7450057716145	1.15838501784401	0.308771485920186	3.75159323533988	0.000175714384753559	0.000764723645312887	TRUE
F9Z36_1062	4798.62963624078	1.13854506017544	0.191424044000876	5.9477641177105	2.71829933020803e-09	3.68735539013284e-08	TRUE
F9Z36_1069	99.4975333019221	2.65406271836487	0.498186914715907	5.32744365611923	9.96046622782732e-08	9.41511943435804e-07	TRUE
F9Z36_1072	911.972419329747	1.19655191421691	0.211787241528213	5.64978279892045	1.60650692026761e-08	1.88538930137024e-07	TRUE
F9Z36_1074	491.328112701883	1.34370433013012	0.351817899485755	3.81931769842917	0.000133821317576437	0.000603785599173168	TRUE
F9Z36_1076	898.624856596922	1.17898528571321	0.220232770533974	5.35335991485126	8.63358793823072e-08	8.31132037002948e-07	TRUE
F9Z36_1077	162.871483890123	1.4857192443049	0.356337268576328	4.16941862477866	3.05377624348289e-05	0.000163993279502205	TRUE
F9Z36_1083	159.517458348958	-1.09233825942361	0.167036082966785	-6.53953469227856	6.17105263932976e-11	1.30215444076362e-09	TRUE
F9Z36_1084	18037.5461545786	2.05283988425256	0.368604967886861	5.56921382807475	2.55891295273335e-08	2.81345745171578e-07	TRUE
F9Z36_1089	374.072186185302	1.19471623311126	0.180897616265335	6.60437797786619	3.99189849039201e-11	8.68653744419678e-10	TRUE
F9Z36_1093	274.359388733817	1.80306975088224	0.266520160141482	6.76522837869028	1.33099078864371e-11	3.19590776721461e-10	TRUE
F9Z36_1100	942.464158963782	-1.02137571914585	0.211660877348338	-4.82552908190462	1.39632086954611e-06	1.01281746405619e-05	TRUE
F9Z36_1132	142.999205485804	-1.2872421585993	0.363511531588946	-3.54113156458236	0.000398414859956973	0.00157929533671749	TRUE
F9Z36_1133	720.675629429546	-1.06245506424915	0.273522743139089	-3.88433902079171	0.000102608650266368	0.000483858849675945	TRUE
F9Z36_1141	281.105501381158	-1.95801671600879	0.271425086017163	-7.21383842864463	5.43962951080244e-13	1.77552907001036e-11	TRUE
F9Z36_1145	21.7456734358752	-1.61103411687259	0.381219498417635	-4.22600135501901	2.37880558653785e-05	0.000130771707112567	TRUE
F9Z36_1148	420.54491201486	1.42343034678684	0.145552268394852	9.77951331493765	1.37871901922574e-22	2.2154954085866e-20	TRUE
F9Z36_1151	111.945978421738	-1.10716632009213	0.421093587302623	-2.62926426209492	0.00855698366279995	0.0228004322341698	TRUE
F9Z36_1155	1250.29400606373	1.46853217064123	0.235879328911758	6.22577729645233	4.79174320901946e-10	8.13817200296069e-09	TRUE
F9Z36_1157	213.099068663618	-1.1923007052717	0.224413147164736	-5.31297172351698	1.07851778790798e-07	1.01487552204494e-06	TRUE
F9Z36_1159	387.681799498505	-1.14557744667848	0.235230448815306	-4.87002193996552	1.11585858011579e-06	8.29547535182165e-06	TRUE
F9Z36_1160	1691.88001671918	1.35017516132269	0.264930969249248	5.09632816861225	3.46304601569342e-07	3.01429296949315e-06	TRUE
F9Z36_1161	1935.96480772139	1.21477258292779	0.23851340728805	5.09309978311084	3.52256182950305e-07	3.0533741335402e-06	TRUE
F9Z36_1162	1073.0510503644	2.10721546252234	0.289944377140004	7.26765417321696	3.65783760239405e-13	1.25265946744282e-11	TRUE
F9Z36_1163	8746.20408428492	1.23092461925352	0.226131198206518	5.44340908736247	5.22704164971129e-08	5.45745371584495e-07	TRUE
F9Z36_1183	98.828844238475	-1.40389918016357	0.242797260156319	-5.78218707764537	7.37356418778833e-09	9.11442342502356e-08	TRUE
F9Z36_1188	2636.22749107003	-1.17378366932249	0.161699636893654	-7.25903713744552	3.89855438619721e-13	1.31356130851064e-11	TRUE
F9Z36_1191	8883.95066184334	-3.98411748942193	0.33250124715638	-11.9822632952355	4.4014087865676e-33	4.59727147756986e-30	TRUE
F9Z36_1205	242.68966658108	1.30684499945332	0.241977027386123	5.40069862651874	6.63818654602315e-08	6.5411187238879e-07	TRUE
F9Z36_1206	316.140692616912	1.73152624841988	0.375281963187204	4.61393410361194	3.95117742970502e-06	2.60378853332927e-05	TRUE
F9Z36_1207	603.981908051832	3.28275625609857	0.383106527497695	8.56878184128125	1.04585452640065e-17	7.04771001822887e-16	TRUE
F9Z36_1209	34.4614789366508	1.22530182086021	0.352031854183894	3.48065610057019	0.000500187262104636	0.00191723154226896	TRUE
F9Z36_1213	249.227093009588	1.04749287034775	0.218119643007228	4.80237752045576	1.56792725454679e-06	1.11408164447219e-05	TRUE
F9Z36_1214	257.111160941492	1.24710214686606	0.212776892118802	5.861078872088	4.59869468800115e-09	5.8936645418616e-08	TRUE
F9Z36_1217	2650.85378911744	-1.11426381258815	0.206252186743626	-5.40243393381905	6.57426744078563e-08	6.50883634303374e-07	TRUE
F9Z36_1222	647.942308924242	1.6566390674712	0.238965565061616	6.93254305089541	4.13341697695383e-12	1.13614579800744e-10	TRUE
F9Z36_1224	5358.17247554285	1.36390343434376	0.202093686184869	6.74886712243004	1.49003968530025e-11	3.41129524828647e-10	TRUE
F9Z36_1226	145.698204227812	-1.11052730442866	0.34320415198971	-3.23576302323392	0.00121318057038303	0.00418898216781844	TRUE
F9Z36_1253	2440.9792516551	1.03102010580318	0.222622607651722	4.63124620036855	3.63471352797996e-06	2.44145227008043e-05	TRUE
F9Z36_1259	286.198678419796	1.27430800479157	0.182482799452838	6.98316777588076	2.88597412312525e-12	8.61257134744094e-11	TRUE
F9Z36_1268	117.480027112353	-1.32688432383596	0.395938053266227	-3.35124222814665	0.000804498982171338	0.00293508126934117	TRUE
F9Z36_1271	635.850433314731	-1.73840088567624	0.279896935120061	-6.21086074033128	5.26951576819543e-10	8.87743422561311e-09	TRUE
F9Z36_1272	54.8659050157467	-1.51113867913781	0.343526988503018	-4.39889362324304	1.0880413901157e-05	6.47555117934956e-05	TRUE
F9Z36_1273	1026.48814875847	1.00948919560543	0.173936976077186	5.80376420455569	6.48424482123924e-09	8.11113019854417e-08	TRUE
F9Z36_1277	750.111552810307	-1.26062695950127	0.208707702788656	-6.04015540709499	1.53965863748883e-09	2.21817027152701e-08	TRUE
F9Z36_1278	16485.7130626972	-1.79130330348845	0.586544607528407	-3.053993303317	0.0022581712153458	0.00718009082017866	TRUE
F9Z36_1281	547.850684042699	-1.13518242714292	0.199961062810921	-5.67701737120852	1.37063558594878e-08	1.62685098809488e-07	TRUE
F9Z36_1286	140.06877721008	-2.4606533951617	0.279925876643144	-8.79037488305734	1.49061731989903e-18	1.19765368510349e-16	TRUE
F9Z36_1287	220.690358319957	-2.07859465581201	0.243067620477155	-8.55150781388162	1.2149084932354e-17	7.93107450740234e-16	TRUE
F9Z36_1288	41.6744660159402	-1.73935914780596	0.442497508564172	-3.93077726798934	8.46716850729019e-05	0.000410825087135783	TRUE
F9Z36_1289	64.3077723250199	-1.04752042389663	0.259530050817906	-4.03622016254144	5.43192457919439e-05	0.000278803205059879	TRUE
F9Z36_1291	415.888691724001	-1.01667752240459	0.18798394698963	-5.40832096934677	6.36183372644785e-08	6.35878978686582e-07	TRUE
F9Z36_1296	2778.82241833574	-1.6754492619744	0.185744212466143	-9.02019632121676	1.87752529091928e-19	1.96107516636519e-17	TRUE
F9Z36_1299	1817.34720344921	1.72893782324214	0.284899658766996	6.06858509667834	1.29042036758486e-09	1.92549153420341e-08	TRUE
F9Z36_1300	3140.73253630531	1.12737597846746	0.152534328819975	7.39096560878449	1.45766321557651e-13	5.62201605968788e-12	TRUE
F9Z36_1303	20.7478376368007	-1.858960670129	0.748140612440663	-2.48477443841005	0.0129633544221991	0.0323928796506866	TRUE
F9Z36_1316	296.382059223016	1.15489614078959	0.438403750780016	2.63432084861223	0.00843057805234648	0.0225499072360458	TRUE
F9Z36_1342	1160.60443144501	-1.38905436447799	0.176511181722338	-7.86949784667495	3.56067541877987e-15	1.77101213091218e-13	TRUE
F9Z36_1348	34810.4406698384	1.21936685517968	0.173791904091337	7.01624659419597	2.27907673785547e-12	7.00145780202954e-11	TRUE
F9Z36_1351	130.824614590239	1.72031389074211	0.458153358964098	3.75488656163474	0.00017342000382647	0.000759485090133114	TRUE
F9Z36_1352	1741.75375547611	1.22728886110614	0.252380826435543	4.86284508391363	1.15710406840815e-06	8.51123379895997e-06	TRUE
F9Z36_1354	4501.7197919603	1.00026873216282	0.24753826662091	4.04086505822823	5.3254396375464e-05	0.00027401092125208	TRUE
F9Z36_1373	977.046395663533	-1.38055699351472	0.24580362157579	-5.61650387681145	1.94859879982092e-08	2.21229505044886e-07	TRUE
F9Z36_1374	3926.06140641431	-2.24123114819167	0.235831342919605	-9.50353384094374	2.02885785926243e-21	2.82552271199947e-19	TRUE
F9Z36_1397	8177.50344462139	1.86785460626884	0.190579829953543	9.80090393996135	1.11582564395329e-22	1.94246647518201e-20	TRUE
F9Z36_1399	9597.7695225332	1.65358879319564	0.231860859278693	7.1318151685449	9.90538330832334e-13	3.08840981061007e-11	TRUE
F9Z36_1402	64.7495591602603	-1.20499948679821	0.237049297878326	-5.08332864759938	3.7087716386442e-07	3.20149750129245e-06	TRUE
F9Z36_1424	502.966471468156	1.34791666979976	0.268438259631925	5.02132844866444	5.13153236878471e-07	4.25387742793304e-06	TRUE
F9Z36_1425	65.7661915762269	1.50516540853988	0.423927748140756	3.55052344448121	0.000384465891090015	0.00153272756963176	TRUE
F9Z36_1442	2329.85850353238	-1.12408876520143	0.334600687042053	-3.35949329673717	0.000780855456215808	0.00286176675093828	TRUE
F9Z36_1443	3175.56834506998	1.15125994087263	0.166818868426832	6.90125734414496	5.15442587554499e-12	1.36298679164728e-10	TRUE
F9Z36_1449	18877.1919808392	1.16214020798414	0.178200599555092	6.5215280469629	6.95947043585335e-11	1.42532683730369e-09	TRUE
F9Z36_1459	314.540163890768	-1.0614445447326	0.252516921444597	-4.20345907379314	2.62866698149682e-05	0.0001430022219882	TRUE
F9Z36_1460	922.793196514056	-1.06109829165903	0.166176848432114	-6.38535573198399	1.70999488349448e-10	3.218179560018e-09	TRUE
F9Z36_1464	3007.06080803192	-1.13059947389144	0.225834610276461	-5.00631622631883	5.54815815694181e-07	4.54874681672581e-06	TRUE
F9Z36_1469	1147.88173899076	-1.27415881819066	0.26677527210472	-4.77615038357269	1.78682788253451e-06	1.25257833779013e-05	TRUE
F9Z36_1473	46.8971157303688	1.15529307187113	0.33748954218603	3.42319665488868	0.000618892853833345	0.00232112598143242	TRUE
F9Z36_1478	1700.93551320641	-1.00077211318375	0.169549985111942	-5.90251961699086	3.57991534303222e-09	4.76333958700275e-08	TRUE
F9Z36_1480	2684.32409394791	1.93580684507239	0.285279477294418	6.78565056074669	1.15564559460180e-11	2.80714377572462e-10	TRUE
F9Z36_1498	748.211133535333	1.02535506492989	0.146962100201103	6.97700334662337	3.01542528152911e-12	8.87214565227368e-11	TRUE
F9Z36_1507	3348.20837498238	-1.84487545214331	0.277548522301879	-6.64703755884784	2.99050740615187e-11	6.64592550154389e-10	TRUE
F9Z36_1509	1399.68112215212	1.05031637386666	0.290980219461895	3.60957997697918	0.000306693206429829	0.00125378103372194	TRUE
F9Z36_1514	1981.34563408296	1.38398913222401	0.219122373918348	6.31605576133329	2.6832326627808e-10	4.86983311556649e-09	TRUE
F9Z36_1537	212.955406637406	-1.50858549641684	0.315177028360451	-4.78647033467029	1.69740014848261e-06	1.19980675694727e-05	TRUE
F9Z36_1546	5361.45759782001	-1.4404850702647	0.435941068139312	-3.30431146671496	0.00095209990094984	0.00339989178304994	TRUE
F9Z36_1558	55.9073179024257	-1.13545937840142	0.274181295051015	-4.14127221257072	3.45384767475293e-05	0.000183124055648702	TRUE
F9Z36_1569	7128.53392643544	-1.16428072462145	0.246440045179471	-4.72439746459856	2.30798627473264e-06	1.59121561977442e-05	TRUE
F9Z36_1572	595.634819327385	1.26964672087834	0.207988746539422	6.10440104093657	1.03186898587381e-09	1.57606774490049e-08	TRUE
F9Z36_1575	4938.84558855216	-1.21169265457616	0.188410487760439	-6.43113166883158	1.26657382996256e-10	2.44988215814054e-09	TRUE
F9Z36_1576	367.304230256027	-1.05823073894133	0.15388732350896	-6.87665958970114	6.12722873250878e-12	1.56094888075742e-10	TRUE
F9Z36_1579	37.0619211802554	1.00408768237055	0.337241709517485	2.97735319811765	0.00290748846843157	0.00899813838600527	TRUE
F9Z36_1584	1493.4965863726	-1.15440372763556	0.184029276627724	-6.27293520242884	3.54304385275108e-10	6.27238865118391e-09	TRUE
F9Z36_1585	304.886610061434	-1.54532589286309	0.175359815413676	-8.8123147781471	1.22587825589767e-18	1.0670248652376e-16	TRUE
F9Z36_1595	402.170289981985	-3.56172881930341	0.619679837741099	-5.74769195700619	9.04698653865236e-09	1.0987880743747e-07	TRUE
F9Z36_1598	1678.11989946976	2.12090693648239	0.344712055547372	6.15269150687109	7.61788974195679e-10	1.24326341179279e-08	TRUE
F9Z36_1601	278.838135747759	1.05750900058568	0.273374441132801	3.8683535893246	0.000109572696735615	0.000512549548601031	TRUE
F9Z36_1605	427.179495735465	1.01103555447791	0.294407933423769	3.43413148796717	0.000594455759353259	0.00224513857732295	TRUE
F9Z36_1607	39.6899720738578	-1.0011159503426	0.289945534942235	-3.45277243376778	0.000554856874318341	0.00210900200940704	TRUE
F9Z36_1608	4629.24021061904	1.09270055032582	0.219954702190842	4.96784355797833	6.77015443370327e-07	5.37751049886165e-06	TRUE
F9Z36_1615	7859.83815071463	-2.34551941301084	0.225268505442778	-10.4121053602259	2.18338711247647e-25	9.1221913559267e-23	TRUE
F9Z36_1621	762.876936154357	-1.64069482766496	0.214243934407503	-7.65806897731942	1.88749510156363e-14	8.04689238197228e-13	TRUE
F9Z36_1642	51.7915666487111	-1.33955819346801	0.542310317127588	-2.47009535161187	0.0135077042123335	0.0335923739280532	TRUE
F9Z36_1656	759.679698917881	-1.42404783226743	0.382424574242597	-3.72373515767859	0.000196296848198838	0.000842020771842652	TRUE
F9Z36_1658	3128.02476356718	1.06357375836567	0.230029191869983	4.62364689333353	3.77051507611894e-06	2.50050983936904e-05	TRUE
F9Z36_1673	279.544777398945	-1.44761694530553	0.30020672985845	-4.82206693363635	1.42078250524798e-06	1.02169406781894e-05	TRUE
F9Z36_1677	932.367158916455	-1.00065630918018	0.183880187748952	-5.44189301430539	5.27173346486381e-08	5.45745371584495e-07	TRUE
F9Z36_1678	91.7355196493595	-1.30183222220446	0.343404608904821	-3.79095733850585	0.000150067731703143	0.000668425355070076	TRUE
F9Z36_1681	47959.508964525	2.38822150912211	0.390250927343992	6.11970745431948	9.37473077915432e-10	1.47589342160803e-08	TRUE
F9Z36_1682	68.4774672656118	1.45191329199057	0.236777454747349	6.13197440415018	8.67950707184789e-10	1.38408322695345e-08	TRUE
F9Z36_1684	1611.51557773908	1.52770300260768	0.257299509923981	5.93745010652775	2.89489101673508e-09	3.87655598330742e-08	TRUE
F9Z36_1703	269.574526286412	-1.23802606359868	0.179953046201578	-6.8797171802909	5.99715033980509e-12	1.54667247652504e-10	TRUE
F9Z36_1723	3707.95854249212	1.42216156639109	0.167132512911793	8.50918556547799	1.75159316977324e-17	1.10881155504736e-15	TRUE
F9Z36_1727	978.236798345796	-1.38656895795241	0.165468567299714	-8.37965167995269	5.308456526789e-17	3.08037935679506e-15	TRUE
F9Z36_1731	27.2672627602712	-1.68791919861921	0.64706133060721	-2.60859229068016	0.00909154919430241	0.0239498691890261	TRUE
F9Z36_1733	0.117157184020823	-17.2547254013889	3.95229256105942	-4.36575105076829	1.26686702437379e-05	7.51842390317286e-05	TRUE
F9Z36_1742	1050.94241078025	1.12642017068856	0.220099298642446	5.11778173595384	3.09150062284024e-07	2.72495561228408e-06	TRUE
F9Z36_1751	37.8225324056315	-1.57091251587485	0.616406518938443	-2.54850081498201	0.0108187034075297	0.0277303943783185	TRUE
F9Z36_1779	18.429560325132	-2.07718055405254	0.497592602133864	-4.17446028165373	2.98693322521918e-05	0.000161650349934789	TRUE
F9Z36_1780	56414.2443150983	1.17680720224567	0.254366840879971	4.62641749284049	3.72044978084601e-06	2.49103192057286e-05	TRUE
F9Z36_1782	27990.1084205703	1.13071810731147	0.207082331824268	5.46023457119946	4.75505902776744e-08	4.99161724070662e-07	TRUE
F9Z36_1786	1620.46516235776	1.92282765656302	0.267415797084575	7.1904041478705	6.45998154991168e-13	2.04468203905538e-11	TRUE
F9Z36_1794	233.449844109693	2.38597949130652	0.340679012309459	7.00359988463037	2.49467907988589e-12	7.55273130127771e-11	TRUE
F9Z36_1800	8707.69175975037	1.19546553767245	0.23703615644237	5.04338897328982	4.57358190473065e-07	3.88382625974892e-06	TRUE
F9Z36_1801	830.36833074399	1.31977972784128	0.271805819179571	4.85559776396601	1.20024119384956e-06	8.79755738228679e-06	TRUE
F9Z36_1832	6551.3184586511	1.13102310663774	0.442993829001438	2.55313512873803	0.0106758068746042	0.0274990882380371	TRUE
F9Z36_1840	101.970804892446	1.51450846497035	0.431783612792682	3.50756355753021	0.000452230311885397	0.00176911820510973	TRUE
F9Z36_1841	200.990271636885	1.32519537396801	0.286556688828111	4.62454873898586	3.75414806652619e-06	2.49758449394051e-05	TRUE
F9Z36_1846	162.005817886465	2.1952726386006	0.331903912864305	6.61418125401285	3.73613742024351e-11	8.2155695483039e-10	TRUE
F9Z36_1848	144.863963129921	1.42337685676239	0.241845443258856	5.88548139498706	3.96897035081806e-09	5.24758168535375e-08	TRUE
F9Z36_1850	1000.60285579258	1.12198083079386	0.332204728491937	3.3773776667393	0.000731804967129751	0.0027057355333346	TRUE
F9Z36_1858	3633.08361294355	1.33257029594769	0.292241184106834	4.55983060710754	5.11948998791567e-06	3.28055662109075e-05	TRUE
F9Z36_1859	19322.7846270607	1.30372167726551	0.211858885508612	6.1537266852681	7.568306946423e-10	1.24326341179279e-08	TRUE
F9Z36_1860	7277.82925822467	1.15724590007171	0.27171088643356	4.25910759506754	2.0524466482935e-05	0.000114640669740244	TRUE
F9Z36_1862	6415.58540604711	1.43200234449055	0.224682912549857	6.37343680584873	1.84838459859651e-10	3.44756734506081e-09	TRUE
F9Z36_1870	336.914960348765	1.24721754561679	0.304582211865502	4.09484696423287	4.22447334746581e-05	0.000219525493105873	TRUE
F9Z36_1872	1287.74118892002	1.4121618354461	0.23281382868634	6.06562695787563	1.3143989265686e-09	1.9473612465261e-08	TRUE
F9Z36_1875	1104.92874601314	1.46973941810522	0.260325537848146	5.64577501790296	1.64438772439878e-08	1.90840330903837e-07	TRUE
F9Z36_1892	36.288056670902	-1.50305891007269	0.413932343365193	-3.63117048997209	0.000282138718271893	0.00116710451974254	TRUE
F9Z36_1911	5553.287455337	1.38626284758173	0.148502672779629	9.33493533573556	1.01052916391088e-20	1.31937213963114e-18	TRUE
F9Z36_1921	146.118298329808	-1.00696127236519	0.26100434853049	-3.85802488745722	0.000114307010949686	0.00053063854638643	TRUE
F9Z36_1929	29.6238015564156	1.44649832641925	0.46575363495845	3.10571559264008	0.00189819190122517	0.00619239124993255	TRUE
F9Z36_1951	57.2638899897101	-1.51701884643508	0.341944907843076	-4.43644227955944	9.14578436432953e-06	5.55393707473383e-05	TRUE
F9Z36_1958	23.6109881411599	-1.5230613953818	0.432949007505673	-3.51787709170773	0.000435013795597193	0.00171138195669028	TRUE
F9Z36_1965	18.1258702353662	-1.68018348334716	0.602767905701113	-2.78744682232683	0.00531251726150928	0.0152442974715562	TRUE
F9Z36_1970	10.7804787658748	1.62526786300834	0.517989201344525	3.13764815712315	0.00170309177809681	0.00564723607054642	TRUE
F9Z36_1974	62.2415305276918	-1.22454192745661	0.273521793983314	-4.4769446325411	7.57188764160526e-06	4.70764085812899e-05	TRUE
F9Z36_1978	28.3260245090213	1.60515524853904	0.372886557304689	4.30467448368608	1.67231445062859e-05	9.65045548995339e-05	TRUE
F9Z36_1989	70.507646078951	-1.00627458141886	0.287312612838962	-3.50236827919168	0.000461141733435646	0.00179056706532912	TRUE
F9Z36_1992	35.3260150768066	2.14580104917941	0.379979311881586	5.64715231088189	1.63127299685375e-08	1.90375938012709e-07	TRUE
F9Z36_2006	1196.75303145068	-1.47739729996499	0.319691245171481	-4.62132548913724	3.81295997526574e-06	2.52065613554751e-05	TRUE
F9Z36_2008	574.161853278669	-1.72932700811985	0.235697620341652	-7.33705756389533	2.18340719202882e-13	8.00199583183897e-12	TRUE
F9Z36_2010	4059.90326522025	-1.10348457876788	0.222469893481342	-4.96015241208548	7.04378922874214e-07	5.56414463390506e-06	TRUE
F9Z36_2015	352.396809172487	1.29240835263397	0.283073085321328	4.56563488247886	4.97984872115067e-06	3.20089353184116e-05	TRUE
F9Z36_2027	3213.9940004193	-1.77118787043812	0.231669209079587	-7.64533136481529	2.08407922270086e-14	8.7072829924442e-13	TRUE
F9Z36_2055	851.518184178244	-1.50078912874818	0.176520002961258	-8.5020910014236	1.86205747181426e-17	1.14407001724118e-15	TRUE
F9Z36_2060	846.916511007326	-1.50676276039741	0.173671387893049	-8.67594126284818	4.10143828871991e-18	2.85596819504529e-16	TRUE
F9Z36_2067	22709.5958331183	-1.13119216217828	0.242388191641055	-4.66686167556141	3.05835070375021e-06	2.07431643510851e-05	TRUE
F9Z36_2070	1330.95043795629	1.18426220024111	0.195830976451449	6.04736912260005	1.47230179442469e-09	2.1431612497712e-08	TRUE
F9Z36_2086	248.330828364988	-1.71195575288004	0.248664063843618	-6.88461262322436	5.79449961060515e-12	1.51308871081927e-10	TRUE
F9Z36_2090	31.0459826731852	1.11174036085278	0.385921479835752	2.88074237621065	0.00396739778647162	0.0117725766703682	TRUE
F9Z36_2100	2142.95939383787	1.02350304174241	0.184524852667063	5.54669480532853	2.91120241943491e-08	3.1187188995895e-07	TRUE
F9Z36_2127	210.136734913673	-1.26145341379418	0.174990652338907	-7.20869027535883	5.64925917412260e-13	1.8155849868834e-11	TRUE
F9Z36_2156	65.4050591538265	1.136329043653	0.333172057853291	3.41063728745636	0.000648112464717384	0.00241338135257507	TRUE
F9Z36_2179	2025.10255011907	1.26449723575088	0.181551759666321	6.9649406762839	3.28542164694972e-12	9.40170660339448e-11	TRUE
F9Z36_2200	4082.45961096024	-1.16330399653914	0.395222966478769	-2.94341193504915	0.00324616164040048	0.00992859687671537	TRUE
F9Z36_2201	7705.57894240768	1.91728261797777	0.353646387223787	5.42146813100205	5.91115363944898e-08	5.99436890913054e-07	TRUE
F9Z36_2202	4168.38016634263	2.03521059969095	0.386698756047836	5.26303891042046	1.41693575684778e-07	1.32734475159418e-06	TRUE
F9Z36_2203	22268.9754070359	1.05971113005311	0.290412791012285	3.6489822860739	0.000263281255470053	0.00109342851426827	TRUE
F9Z36_2206	270.115617560604	-1.35857905741506	0.277934010775296	-4.88813532976877	1.01795548001364e-06	7.62189604927778e-06	TRUE
F9Z36_2208	514.765888339525	-1.32230001794842	0.192689134058211	-6.86234864467733	6.77374936532762e-12	1.70486294267101e-10	TRUE
F9Z36_2215	269.79100024872	-1.37614841175721	0.254690496734124	-5.40321853152532	6.54556333143359e-08	6.50883634303374e-07	TRUE
F9Z36_2217	875.524728183447	-1.33506521348816	0.172329238343502	-7.74717759053164	9.39575094991606e-15	4.17611143284567e-13	TRUE
