ID	baseMean	log2FoldChange	lfcSE	stat	pvalue	padj	Significant
ENSG00000006327	100.246511865576	-1.10490490768266	0.387846083781608	-2.84882316435821	0.00438812629743011	0.0498850324865431	TRUE
ENSG00000011422	18184.4209071751	1.32887729862554	0.186850946373623	7.11196450655563	1.14402686989826e-12	3.49979775151646e-10	TRUE
ENSG00000011478	69.1886161858828	1.17548468213132	0.220464429783213	5.33185640553082	9.72137986310648e-08	8.65373358340391e-06	TRUE
ENSG00000011485	5.52728261508696	1.6234302459183	0.559497015510239	2.90158875009868	0.00371275594126435	0.0445706395409511	TRUE
ENSG00000026751	100.906023180144	3.90433201973704	0.549019025830874	7.11146943191687	1.14813893105958e-12	3.49979775151646e-10	TRUE
ENSG00000027075	397.282397071536	1.84171937744613	0.251565498864356	7.32103323293621	2.46068885273744e-13	9.37615302467087e-11	TRUE
ENSG00000034713	487.014373742394	1.06113166816398	0.211032094403482	5.02829520392832	4.94859643936246e-07	3.48738587962849e-05	TRUE
ENSG00000035681	737.870445628305	1.92081894773351	0.27993233075564	6.86172598409236	6.80334712701255e-12	1.72600916612308e-09	TRUE
ENSG00000053501	21.6738432066577	1.22803383503883	0.335017318977946	3.6655831369711	0.000246775624962143	0.00589187407221217	TRUE
ENSG00000053524	17.6458986800952	2.83355974297158	0.454916340221103	6.22874909614014	4.70174068217126e-10	8.13294280272851e-08	TRUE
ENSG00000055483	844.409731723974	1.12163862285308	0.247631617664785	4.52946450631126	5.91333666871436e-06	0.000296094772273586	TRUE
ENSG00000056558	1045.54829041699	1.42070958958904	0.360216754829398	3.94404083247571	8.01200069556045e-05	0.00243430488199244	TRUE
ENSG00000063015	34.1900617435056	1.47842500218289	0.322110720733342	4.58980377559926	4.43662887526668e-06	0.000232076854774259	TRUE
ENSG00000063322	275.479276246713	1.08207633818147	0.124089797941714	8.72010718149228	2.7793856450731e-18	2.64423801808142e-15	TRUE
ENSG00000069956	462.219068787344	1.3884102480994	0.3141735905997	4.41924556882447	9.90460518135555e-06	0.00045005343304655	TRUE
ENSG00000073756	37150.6985629984	1.7386703089895	0.29181624199334	5.95809985459678	2.55187584768238e-09	3.4995183922001e-07	TRUE
ENSG00000074416	14.7346556027681	1.46854334892851	0.481554176933616	3.04959113485368	0.00229153096312762	0.0311443610006505	TRUE
ENSG00000074800	429.222899796385	-1.10446681451057	0.235480145969184	-4.69027573413815	2.72837125542439e-06	0.000151573968065949	TRUE
ENSG00000076382	95.1301219412788	1.67619080562741	0.257274220095567	6.51519147548004	7.25969926231907e-11	1.57867345958601e-08	TRUE
ENSG00000078401	187.988777139591	4.1919161025522	0.428929257269451	9.77297778481654	1.47064778039789e-22	3.19802864474524e-19	TRUE
ENSG00000081041	940.557962670539	3.73553676759231	0.446456519308375	8.36707855308998	5.90643244320221e-17	4.28131974525829e-14	TRUE
ENSG00000087008	70.0024460276606	1.19428160656341	0.206687466991289	5.77820041025393	7.55038409307712e-09	9.26870537619516e-07	TRUE
ENSG00000087074	9672.02442126616	1.95525523739131	0.197732737191623	9.88837389883735	4.67560710555075e-23	1.18620152267822e-19	TRUE
ENSG00000089505	34.0253226276598	-1.35976242892915	0.364753268934735	-3.72789648438341	0.000193084650328875	0.00488228330117298	TRUE
ENSG00000090924	744.450863980489	1.30854973463246	0.455564954830304	2.87236698248638	0.00407409551451013	0.0475581916578782	TRUE
ENSG00000091106	160.916012744726	-1.30369954625926	0.232611153881113	-5.60463040790199	2.08699810135853e-08	2.30374724429593e-06	TRUE
ENSG00000099365	7.50067600108174	1.83009179980959	0.536881311540774	3.4087455839308	0.000652623133479489	0.0121445346428176	TRUE
ENSG00000099985	12948.0143800586	2.18342653014137	0.207039447943859	10.5459445135955	5.30372333856676e-26	2.69110922198877e-22	TRUE
ENSG00000100300	245.299506877485	-1.15193332969479	0.238163299707527	-4.83673736091752	1.31987638854889e-06	8.23408130593905e-05	TRUE
ENSG00000100612	298.123789398541	-1.22237953774853	0.218954955713536	-5.58279000246882	2.36690473570562e-08	2.55524992105751e-06	TRUE
ENSG00000100902	51.0370621796865	-1.12713410635211	0.387049298237415	-2.91212026861945	0.00358984386045116	0.0433343403995144	TRUE
ENSG00000101255	96.6961195214868	1.34042564364733	0.320430916215223	4.18319698823009	2.87438121969282e-05	0.00108034150434973	TRUE
ENSG00000101292	2.7829424288339	-2.35519808413714	0.67509325857636	-3.48870034505127	0.00048537493603907	0.00976007566233384	TRUE
ENSG00000102119	474.928667170755	1.13803001633537	0.157868470908201	7.20872261439163	5.64791791311497e-13	1.86896970594426e-10	TRUE
ENSG00000102837	10.1438482328681	-1.57265897565801	0.483927483650714	-3.24978230993203	0.00115493380456938	0.0185056867085844	TRUE
ENSG00000103249	222.656037387318	1.02702733530867	0.293269258000084	3.50199452309582	0.000461789111296069	0.00941746600379119	TRUE
ENSG00000103496	990.751737932222	1.27252117995436	0.199338445091462	6.38372181227004	1.72834944623882e-10	3.37294041931375e-08	TRUE
ENSG00000103811	39.8062846398619	-1.55558663078806	0.324733494341444	-4.79034857165805	1.66491831159174e-06	0.000100693337012639	TRUE
ENSG00000104267	31.5243587786049	1.25760492835406	0.281047422607688	4.47470721021178	7.65160910034842e-06	0.000367422062225564	TRUE
ENSG00000104419	1599.29618925525	1.2403845882869	0.216855932089329	5.71985546503725	1.06614706197934e-08	1.26788207636324e-06	TRUE
ENSG00000104880	25.4848209886737	1.1501957195471	0.324254957471146	3.54719548011674	0.000389355578369254	0.00837114493493895	TRUE
ENSG00000104886	46.8333317933947	-1.01341003725646	0.231867081353972	-4.37065076827087	1.23876785105013e-05	0.00054498624938396	TRUE
ENSG00000105193	47.4645607314448	1.59564483892275	0.299118952040658	5.33448257971251	9.58173856724279e-08	8.57960143944528e-06	TRUE
ENSG00000105483	1322.60695542987	-1.28011908553329	0.174645884432204	-7.32979817815414	2.3049958621052e-13	9.23332816130666e-11	TRUE
ENSG00000105655	81.0909873210689	1.15611315232202	0.30498384818536	3.79073567076042	0.000150201737754918	0.00403240009189659	TRUE
ENSG00000106635	101.651681295658	1.08084020651104	0.176052364100379	6.13931094895597	8.28801931919361e-10	1.38637615468973e-07	TRUE
ENSG00000108179	9528.74114575744	1.14488206841042	0.323182506192006	3.54252487828111	0.000396316038133068	0.00847100944050969	TRUE
ENSG00000108556	401.692368017252	1.20892296271195	0.219577149795409	5.50568656091201	3.6773229691093e-08	3.65857583240404e-06	TRUE
ENSG00000108691	5.06427554043195	2.11120627758298	0.727462880522967	2.90214983349426	0.00370611233052959	0.0445259999173807	TRUE
ENSG00000111863	3.72255870950697	3.15611460524512	0.832702595388455	3.79020627859673	0.000150522230123444	0.00403388976573779	TRUE
ENSG00000112137	5555.34190133477	1.8139809760396	0.229638440275626	7.89929148561689	2.80493239921974e-15	1.70786723923692e-12	TRUE
ENSG00000112149	1118.66934973572	2.21646038078611	0.262098235345198	8.45660169312818	2.75282202741469e-17	2.09517284506532e-14	TRUE
ENSG00000112715	2180.47722061301	1.77788822832305	0.316280650855577	5.6212361505949	1.89595894103094e-08	2.15375276122186e-06	TRUE
ENSG00000113070	98.6751576245406	1.02563558527686	0.302968329184424	3.38528976952085	0.000711031514229376	0.012946557068899	TRUE
ENSG00000113369	1650.66212652656	-1.50125490423446	0.269137658745226	-5.57801874042306	2.43273451812288e-08	2.60782287569483e-06	TRUE
ENSG00000113552	63.6661195068423	1.75478224084519	0.443756872470609	3.95437761014375	7.67341387676946e-05	0.00235493358935856	TRUE
ENSG00000115008	1169.2320076867	2.63742192172464	0.53810160841235	4.90134554606939	9.51824676636609e-07	6.16539371394147e-05	TRUE
ENSG00000115009	270.212603282803	3.65418794586275	0.539719485166939	6.77053181567547	1.28309863085569e-11	3.10021069188656e-09	TRUE
ENSG00000115956	10891.5656028338	1.1156728615912	0.17308884594824	6.44566583987064	1.15093996698549e-10	2.33594775699374e-08	TRUE
ENSG00000116171	21.7541500006214	-1.00376494975795	0.280345583737027	-3.58045572317457	0.000342995463682135	0.00761089934135489	TRUE
ENSG00000116954	78.4622468808824	1.62160499731168	0.291112345314934	5.57037522938913	2.54191296133337e-08	2.70580413268648e-06	TRUE
ENSG00000117054	7.389805797012	-1.26680640947121	0.412341508175432	-3.0722262599191	0.00212468609318429	0.0293750878387386	TRUE
ENSG00000117906	11.8439523504683	-1.18854109260007	0.381827461537151	-3.11277006587026	0.00185340353920455	0.026515515670838	TRUE
ENSG00000118503	12176.6145030806	1.04324758552021	0.34054482588375	3.06346626413388	0.00218788872239098	0.0300636786853918	TRUE
ENSG00000118515	2085.85624313492	1.50636107749925	0.206583993867168	7.29176084410403	3.05929878795998e-13	1.08737945457285e-10	TRUE
ENSG00000119508	5482.72905746333	1.71196180917419	0.246670163714358	6.94028731888559	3.91303272114694e-12	1.12385252983583e-09	TRUE
ENSG00000119660	18.2270699865804	1.2463544148409	0.3703082672306	3.36572127908981	0.000763438066462801	0.0135918763130956	TRUE
ENSG00000120129	27253.7282174273	1.3384729401071	0.24589459749319	5.44327916819797	5.23085706277029e-08	4.91506828453638e-06	TRUE
ENSG00000120162	24.2250589304626	-1.67291237128823	0.411917569226503	-4.06127947984743	4.88045043011623e-05	0.00165346700899648	TRUE
ENSG00000120278	6.17410062971899	-2.08945722267059	0.53664154241606	-3.89358083100214	9.87752687576314e-05	0.00290823431533591	TRUE
ENSG00000120437	72.764758511301	1.04004266624337	0.284151283356939	3.66017233480839	0.000252045674565136	0.00595249646238035	TRUE
ENSG00000121797	300.677061482768	1.72236980634514	0.314938881405209	5.46890177122681	4.52832608384267e-08	4.3904573024365e-06	TRUE
ENSG00000122641	48.5601371833851	3.62179388343171	0.458946493728302	7.89153841008712	2.98483933080509e-15	1.74750862667366e-12	TRUE
ENSG00000122877	142.462443222675	2.06521057849576	0.265535972218009	7.77751715236606	7.39617444137421e-15	3.88222646022752e-12	TRUE
ENSG00000123358	625.843166958326	2.00314390845229	0.230750610188461	8.68099073201262	3.92336123208108e-18	3.51302380439637e-15	TRUE
ENSG00000124102	481.99804473198	1.77915131978182	0.280260358919556	6.34820895341999	2.17836079957535e-10	4.09370470260939e-08	TRUE
ENSG00000124164	70.2565294480539	-1.02955785821798	0.195634385742234	-5.2626630758793	1.41983629962736e-07	1.16825665691501e-05	TRUE
ENSG00000124466	26.075238215654	1.39443818716262	0.463253815747603	3.0100954158624	0.00261165631445581	0.034355953555877	TRUE
ENSG00000124608	13.1708336432359	-1.06090799825623	0.343905916676669	-3.08487858687721	0.00203635262126277	0.0284902202213804	TRUE
ENSG00000124659	81.0101677083382	-1.08965970828618	0.257051897020071	-4.23906503285249	2.24452635368845e-05	0.000880571653501176	TRUE
ENSG00000124713	11.3033475385469	-1.58328195082045	0.384565192569321	-4.11707034701289	3.83718976200377e-05	0.00137111977833853	TRUE
ENSG00000124882	274.535485366927	1.33690614898655	0.342950461909257	3.89824857369717	9.68909304940439e-05	0.0028620097910521	TRUE
ENSG00000125384	27.5817780958747	1.05063299359955	0.274427993915164	3.82844686728401	0.000128954462134694	0.00356899058657147	TRUE
ENSG00000125538	16008.0183873807	2.18890076679751	0.43845253751415	4.99233230398824	5.96545027288799e-07	4.10887258162448e-05	TRUE
ENSG00000125740	13876.9782753064	1.32126077304586	0.259602749334761	5.08954845983575	3.58917131731811e-07	2.67815518589296e-05	TRUE
ENSG00000126368	15.7064585953959	1.75220118734042	0.45139542744649	3.88174332481056	0.000103710310323647	0.00300700636904107	TRUE
ENSG00000128016	9447.95382310517	2.02646159241609	0.264797957244782	7.65285961229227	1.96558465376435e-14	9.35004049987531e-12	TRUE
ENSG00000128342	727.733800344473	3.04388407177102	0.345141694443138	8.8192302488464	1.15249236348372e-18	1.25308848263923e-15	TRUE
ENSG00000128422	10.2867589688684	2.1451250494146	0.576361087859313	3.72184225236631	0.000197774568888486	0.00495967790382296	TRUE
ENSG00000129116	4.99635318886225	2.31950818518431	0.718242947249155	3.229420064712	0.00124041551904449	0.0195867272104722	TRUE
ENSG00000129450	281.483836955391	-1.26658427731408	0.234944424447811	-5.39099525469023	7.00685252247681e-08	6.46413994528133e-06	TRUE
ENSG00000130066	34630.886080785	1.12480211936907	0.226288389644116	4.97065766890667	6.67261734868479e-07	4.55473458662242e-05	TRUE
ENSG00000130305	22.7328661257874	-1.07293498778958	0.359685760031031	-2.98297877485339	0.00285457789794507	0.0367617468380033	TRUE
ENSG00000133250	31.7988885206345	1.24079790482863	0.36010279865437	3.44567692743638	0.000569630935344337	0.0109343279921961	TRUE
ENSG00000134070	704.181016990081	1.06725496742617	0.370283179500229	2.88226694192981	0.00394825090837481	0.0466617044466471	TRUE
ENSG00000134802	123.783357333323	1.25249783418584	0.341676718073912	3.66573947808437	0.000246624898336198	0.00589187407221217	TRUE
ENSG00000135362	198.404448518202	-1.05056271214022	0.29471206539634	-3.56470886499805	0.00036426028655184	0.00792110011698873	TRUE
ENSG00000135541	17.4936725658488	1.0732884320474	0.347058940619494	3.09252494729453	0.0019846155174186	0.0279203488042014	TRUE
ENSG00000135823	286.081178313988	-1.31630526746011	0.249402150213786	-5.27784249787656	1.30713738166913e-07	1.11157794546187e-05	TRUE
ENSG00000136213	9.87461095251626	1.17061006555515	0.401378671416122	2.91647301892019	0.00354013340530609	0.0428021530544633	TRUE
ENSG00000136451	192.223326075694	-1.01927533328314	0.19070974317192	-5.34464215792211	9.05958513007203e-08	8.16005945857731e-06	TRUE
ENSG00000136689	3300.67577738263	1.56194360178826	0.414339291045456	3.76972118151571	0.000163430020093626	0.00432649002759162	TRUE
ENSG00000137496	194.829968740512	1.09422721613697	0.197477987377681	5.54100854817928	3.00734535344658e-08	3.11413680069142e-06	TRUE
ENSG00000138031	10.4605248598945	1.51170642248389	0.473765711887941	3.19083121583406	0.0014186412997072	0.0217687075243377	TRUE
ENSG00000138166	141.145988700169	1.22912352205002	0.207328474556885	5.9283874280992	3.0592402568685e-09	4.1578352848261e-07	TRUE
ENSG00000138670	400.806874533267	1.1212151106788	0.314208992401752	3.56837371874194	0.000359203908027579	0.00784476597990791	TRUE
ENSG00000138835	127.605827266622	-1.34405582109989	0.19172497199042	-7.0103325985467	2.37752254236545e-12	7.09620551762488e-10	TRUE
ENSG00000139437	23.8304415749842	-1.0718755151002	0.28740176849698	-3.7295369499839	0.000191831975286041	0.00488228330117298	TRUE
ENSG00000140519	21.8796282152507	3.11836426887233	0.425955923637045	7.32086137515362	2.46384260272523e-13	9.37615302467087e-11	TRUE
ENSG00000140955	4.22295515678946	4.36812341631417	1.0051054009965	4.34593567200362	1.38683211480874e-05	0.000598027151603928	TRUE
ENSG00000143320	14.4673281560918	1.1364402014697	0.397197779538569	2.86114439710595	0.00422114747731988	0.0486406562450895	TRUE
ENSG00000143486	18.7909377242818	1.4225064912568	0.383378359454111	3.71045067145233	0.00020689060880702	0.00514589680924912	TRUE
ENSG00000143569	564.075334331745	1.24599116351617	0.181800923130468	6.85360196230682	7.20132805145452e-12	1.79702648523345e-09	TRUE
ENSG00000144655	6182.3427776901	1.01395949293786	0.190358006227495	5.32659231430533	1.0007243074023e-07	8.8564101205104e-06	TRUE
ENSG00000144677	22.9343338462787	1.14443152272033	0.388119085803355	2.94866077083407	0.0031915408852363	0.0397391432697325	TRUE
ENSG00000145425	272.866250247294	-1.06862106524694	0.269444681285558	-3.9660128385107	7.30849274553842e-05	0.00226578160025633	TRUE
ENSG00000145979	732.062368371748	1.60226692720054	0.223242205991042	7.17725808203502	7.11233533763488e-13	2.30348869169102e-10	TRUE
ENSG00000147872	107.70801503301	1.76602832909752	0.32204646046424	5.48376879085003	4.1635886933813e-08	4.06270173658013e-06	TRUE
ENSG00000148384	14.761747015672	1.24711016225945	0.372354944444115	3.34925097911952	0.000810303587104738	0.0141590381666328	TRUE
ENSG00000149476	16.6583372468356	1.32120854792676	0.350600168897109	3.7684195991203	0.000164284382173794	0.00433403269575301	TRUE
ENSG00000151247	181.319015652205	1.59591790848239	0.24625077690103	6.48086446088167	9.11985716188199e-11	1.92808980164122e-08	TRUE
ENSG00000151657	40.7923829217835	-1.0228174805716	0.258599879502325	-3.95521251804141	7.6466648343407e-05	0.00235146529511786	TRUE
ENSG00000151715	84.0770242287334	-1.50667703394575	0.24410935600659	-6.17213964509037	6.7371953366144e-10	1.15228749903308e-07	TRUE
ENSG00000152413	253.413993981264	1.18428852282249	0.260074117331443	4.5536577610036	5.27211008633455e-06	0.000267506865780615	TRUE
ENSG00000152487	19.8905285372091	2.04128053076909	0.364023697938652	5.60754847096	2.05212552141226e-08	2.29687166815717e-06	TRUE
ENSG00000152518	649.361921747695	-1.14821791216176	0.245078994528606	-4.68509312424055	2.79832671832712e-06	0.000154333801834694	TRUE
ENSG00000152684	71.5795043085382	-1.40757445829996	0.345777449169522	-4.07075262334379	4.68614919385162e-05	0.00161385889205451	TRUE
ENSG00000152689	49.9422604332502	1.26456231951788	0.391835538412953	3.22727827251128	0.00124973856603471	0.0196727202194212	TRUE
ENSG00000152766	48.932499062351	-1.22612235133524	0.299430611558833	-4.09484636507956	4.22448427200686e-05	0.00147283778299141	TRUE
ENSG00000153037	8.4335215483572	-1.19542095400199	0.419544352060307	-2.84933153820685	0.00438112003104389	0.0498850324865431	TRUE
ENSG00000153234	2365.46175691421	1.63020463096936	0.212187991311113	7.68283172339914	1.55609937244278e-14	7.64094988623356e-12	TRUE
ENSG00000153485	8.70668257546343	1.65430222029565	0.443743813151799	3.72805698077358	0.00019296175535348	0.00488228330117298	TRUE
ENSG00000154099	49.7995598040701	2.22641208854299	0.383513185301476	5.80530780654342	6.42478640101218e-09	8.08248748728987e-07	TRUE
ENSG00000154710	728.835134843078	1.05358335444958	0.252395350156574	4.174337418641	2.98854549982519e-05	0.00111226502685426	TRUE
ENSG00000155090	809.891940943421	1.12442219875005	0.328246451157547	3.42554259089419	0.000613572726698403	0.0115591634230236	TRUE
ENSG00000155966	262.532449855403	-1.0574745279265	0.253454051018417	-4.17225340718525	3.01601934320545e-05	0.00111702789397259	TRUE
ENSG00000156384	22.3401654806969	1.55096534926825	0.401622073957315	3.86175324973071	0.000112576236038181	0.0032211192950624	TRUE
ENSG00000156414	41.4440350535913	1.21890798316396	0.335492571774174	3.63318918424348	0.000279939610512521	0.00646622268774141	TRUE
ENSG00000156603	8.14182488881334	-1.2333853498021	0.42898512318493	-2.87512382864242	0.00403869072081248	0.0472806720632677	TRUE
ENSG00000157557	3615.07179066223	1.40330521733426	0.222022564259018	6.32055224664971	2.60630191230626e-10	4.83818630599095e-08	TRUE
ENSG00000157593	298.805767802932	1.3139020371362	0.323005916251142	4.06773365759227	4.74725974018757e-05	0.00163121417077055	TRUE
ENSG00000157911	7.0066934016188	1.35652838417263	0.467176110194111	2.90367669615853	0.00368808791927091	0.0443444504795749	TRUE
ENSG00000158050	2232.11356141955	1.14814301187531	0.260231019753725	4.41201442073231	1.02413290455306e-05	0.000462592019973492	TRUE
ENSG00000158373	27.7955666124098	-1.19559398262582	0.396653230516045	-3.01420457630043	0.00257654004496528	0.034045516280809	TRUE
ENSG00000158428	9.01167247305654	1.35602118882436	0.462985725730099	2.92886176282434	0.00340205687089129	0.0414952801992846	TRUE
ENSG00000158473	14.7711914364814	-1.34198787331625	0.438564769266873	-3.05995366558874	0.0022137123627863	0.030303174088429	TRUE
ENSG00000159200	11.6001055732527	1.65191529913225	0.333264066505543	4.95677591782842	7.16725574971784e-07	4.7641906996596e-05	TRUE
ENSG00000160256	166.481400969617	1.05037038124414	0.22381288928046	4.69307368588555	2.69130496667258e-06	0.000150062432976887	TRUE
ENSG00000160271	1861.65195805129	1.671741652519	0.317436144174601	5.26638721896612	1.39134656014694e-07	1.15732663052222e-05	TRUE
ENSG00000160285	41.8834416156022	1.26844144793004	0.302618366539726	4.19155473751964	2.77049325116373e-05	0.00104473133846656	TRUE
ENSG00000161960	204.002589381105	1.19175441394122	0.248026634777082	4.80494530360553	1.54793816247577e-06	9.50109464080894e-05	TRUE
ENSG00000162438	38.0023585848495	1.33952879413767	0.36668562957949	3.65307142162574	0.000259122118622516	0.00610581561868721	TRUE
ENSG00000162711	1712.71064018825	1.67946687330716	0.230341115036917	7.29121621660116	3.07169337449958e-13	1.08737945457285e-10	TRUE
ENSG00000163154	47.8994017143621	-1.39740200601807	0.329234564644809	-4.24439641544211	2.19182584697204e-05	0.000864351633228197	TRUE
ENSG00000163531	7.77950708690447	1.32147170416304	0.380757824954505	3.4706357100368	0.000519227892199518	0.0102645285390403	TRUE
ENSG00000163584	11.0232952837165	-1.23157752180787	0.423489839474105	-2.90816309391804	0.00363558677051482	0.0437477484749222	TRUE
ENSG00000163661	78.8285298566969	1.04208647960443	0.353482070629075	2.94806035777111	0.00319774623391928	0.0397391432697325	TRUE
ENSG00000163734	101.32431386811	2.97494330746486	0.544401942467018	5.46460817899285	4.63930390066604e-08	4.46064499706184e-06	TRUE
ENSG00000163739	1944.43874203562	1.52761116682118	0.249283882224941	6.12799814086152	8.89916255398727e-10	1.45659196125585e-07	TRUE
ENSG00000163870	79.1784300553519	1.53626680103189	0.306684902353665	5.00926778345381	5.46375071860727e-07	3.83268264694193e-05	TRUE
ENSG00000163975	253.113458113272	1.92996455193532	0.379944262820696	5.07959914332516	3.78232096922544e-07	2.78137631852897e-05	TRUE
ENSG00000164284	9.02732753620157	-1.17759671379837	0.395556012998939	-2.97706690101948	0.00291020498099273	0.0372899566811051	TRUE
ENSG00000164576	60.357196591328	-1.06181084567481	0.358581885417111	-2.9611391117532	0.00306503464088703	0.0385905354041211	TRUE
ENSG00000164691	9040.4904719939	1.52236959417105	0.220196891254544	6.9136743279959	4.72258684639163e-12	1.33124475881062e-09	TRUE
ENSG00000165030	1734.36699897357	1.25245366116022	0.225847268128864	5.54557808707075	2.9298454141086e-08	3.05561203927317e-06	TRUE
ENSG00000165474	16.1805128226977	1.6323510688687	0.459367330455052	3.55347662022827	0.000380174988312338	0.00819691738256432	TRUE
ENSG00000165685	19.1753150963045	1.57562669233704	0.438997136086374	3.58915027643147	0.000331757566459719	0.00741558542826702	TRUE
ENSG00000166295	79.2050556426435	-1.10919920558873	0.259624816880556	-4.27231579367481	1.93453345284407e-05	0.000781099952763726	TRUE
ENSG00000166704	14.2418512296601	-1.07278879103726	0.357918628341392	-2.99729800599819	0.00272384302014032	0.0355289961033213	TRUE
ENSG00000167702	63.0231226888474	1.1660331792189	0.330774481796569	3.52516062571001	0.000423226081917788	0.00882264658815997	TRUE
ENSG00000167996	38327.3020314732	1.00614612143027	0.128427860233053	7.83432909031155	4.7135274234773e-15	2.56247551572041e-12	TRUE
ENSG00000168040	62.0889704781125	-1.71392507799536	0.293412499497563	-5.84134991157592	5.17795163235049e-09	6.67955760573213e-07	TRUE
ENSG00000168421	180.337126575945	1.03116075785546	0.238903596554217	4.31622115668507	1.58722960787271e-05	0.000656543725299956	TRUE
ENSG00000169429	86484.2569330232	1.64022164290551	0.290454880586693	5.64707895282192	1.63196895136498e-08	1.86780687050208e-06	TRUE
ENSG00000169607	9.68111836668932	1.6465471405053	0.470266528752018	3.50130625897374	0.000462983463323358	0.0094218372710002	TRUE
ENSG00000169612	24.8297203490332	-1.02853306353912	0.289256161015468	-3.55578619286218	0.000376850463352693	0.00813676277043219	TRUE
ENSG00000170043	29.9694063515966	1.02121090992314	0.34347712899448	2.97315548465398	0.00294755095730807	0.0375147330034645	TRUE
ENSG00000171045	14.9175795567018	1.29933758756117	0.420472909180454	3.09018145804855	0.00200034244729958	0.0281156165584435	TRUE
ENSG00000171174	696.292200024348	1.66517009413028	0.291736060762883	5.70779659455159	1.14448074712658e-08	1.35048728160936e-06	TRUE
ENSG00000171219	179.314725656217	1.30967109400677	0.366357898730256	3.57484060954028	0.000350441322780896	0.00771985212065239	TRUE
ENSG00000171223	10269.7885342339	1.04696893956418	0.208009623772812	5.03327163702618	4.82179126368803e-07	3.41382821469112e-05	TRUE
ENSG00000171522	588.673733050312	1.02211610107275	0.185328765314545	5.51515086898672	3.48480885806241e-08	3.56011815016282e-06	TRUE
ENSG00000171848	14.3145480465549	1.63449314830711	0.364344949265677	4.48611446817463	7.25337827815165e-06	0.000350510870317538	TRUE
ENSG00000172071	306.282692713022	1.443814072092	0.237853279604024	6.07018778339174	1.27760770613976e-09	1.90664161792739e-07	TRUE
ENSG00000172409	33.3115088537231	-1.01658127932414	0.287946942961012	-3.53044650820199	0.000414858894194016	0.00871032012058113	TRUE
ENSG00000172548	23.1131445095797	2.62126660160672	0.639454127310203	4.09922540125404	4.14535175641499e-05	0.00145728740037296	TRUE
ENSG00000173221	193.869747385863	-1.38750690049208	0.201141614261448	-6.89815931718921	5.26806482587045e-12	1.431972906775e-09	TRUE
ENSG00000173295	219.957906672578	2.09299513792474	0.394399572517381	5.30678855599547	1.11573475468759e-07	9.70497967763117e-06	TRUE
ENSG00000173391	2269.81332393309	2.52445437954805	0.451754921570539	5.58810598182686	2.29559537755653e-08	2.51392466454428e-06	TRUE
ENSG00000173451	219.798538970194	2.47742890796504	0.359552774174229	6.89030675303465	5.56722073150582e-12	1.4363429487285e-09	TRUE
ENSG00000173530	36.4046178681985	-1.41154270187962	0.354566823092497	-3.98103434937393	6.86160318042386e-05	0.00214470890374563	TRUE
ENSG00000173727	17.6687541196	2.16767122623352	0.500773736519891	4.32864399258969	1.50030227447822e-05	0.000634377811725209	TRUE
ENSG00000174007	97.7478795119745	-1.03449117015602	0.230056094832841	-4.49669099576641	6.90191807543388e-06	0.000337816710431686	TRUE
ENSG00000175197	718.804487549073	1.11889965279986	0.182874999668186	6.11838498881764	9.45284691972461e-10	1.49886703970883e-07	TRUE
ENSG00000175294	5.70870161185505	-1.63589136846756	0.552006010089288	-2.96353905313993	0.0030412346859441	0.0384471515114109	TRUE
ENSG00000175352	193.181857650088	1.29887181752095	0.410915034421263	3.16092551675627	0.0015726870825522	0.0235856579020784	TRUE
ENSG00000175538	198.265620305397	-1.61225664756479	0.222948508377862	-7.23152022543374	4.77616945077842e-13	1.61561891954998e-10	TRUE
ENSG00000176170	151.339525355493	1.47995462249037	0.50075814281074	2.95542797204141	0.00312235594228295	0.039118108768256	TRUE
ENSG00000176749	20.6415198272225	-1.04073549045383	0.330035335805332	-3.15340624940748	0.00161377054027138	0.024059564313429	TRUE
ENSG00000176927	3.37675017294504	-2.11114123910678	0.689869905389561	-3.06020196360739	0.00221187781086704	0.030303174088429	TRUE
ENSG00000177426	291.268979172051	1.13507602643272	0.295268954353516	3.8442105399057	0.000120941142754485	0.00339661637455493	TRUE
ENSG00000177464	49.0438307479052	1.6080125725648	0.371029833438074	4.33391718844945	1.46479294316162e-05	0.000624568016269083	TRUE
ENSG00000177706	27.1821047918613	1.20815444369198	0.341158910548441	3.54132460368622	0.000398123456559918	0.00847585350455255	TRUE
ENSG00000178803	54.7999118187535	2.24503629707596	0.376723856962752	5.95936852838587	2.53214482188755e-09	3.4995183922001e-07	TRUE
ENSG00000179165	29.1281816169892	1.70942739821492	0.282310004683407	6.05514282121151	1.40293135655104e-09	2.05340587590576e-07	TRUE
ENSG00000179388	3188.26046552551	1.2971636276694	0.201133342256333	6.44927197608162	1.12388715926081e-10	2.32625942768443e-08	TRUE
ENSG00000181029	85.6167665402914	1.38192829177066	0.408726385674894	3.3810596531193	0.000722068651054413	0.0130849154837503	TRUE
ENSG00000181045	74.4731193326011	1.36281791089592	0.359948468732518	3.78614726628729	0.000153001021595866	0.00409311344592668	TRUE
ENSG00000181634	42.6987320172106	2.47834401846902	0.512376363092058	4.83696008830864	1.31839887632661e-06	8.23408130593905e-05	TRUE
ENSG00000181773	2.96773646646586	4.44178860913863	1.1771454904776	3.77335566849641	0.000161066414783356	0.00428628140879764	TRUE
ENSG00000181778	8.33319791616313	-1.5964560185966	0.420002521237714	-3.80106294098419	0.000144076695022087	0.00392331923367837	TRUE
ENSG00000182224	120.375536491572	1.96513789611316	0.320839626148233	6.12498499547943	9.06921526281898e-10	1.46863398649607e-07	TRUE
ENSG00000182378	126.911035501922	1.08227990166319	0.287445576325251	3.76516457654081	0.00016643941863922	0.00438328863412838	TRUE
ENSG00000182782	1878.63945374868	2.21466269962217	0.228409971958443	9.69599829916841	3.13556092034893e-22	5.96618854119393e-19	TRUE
ENSG00000183154	8.1131317121682	1.31186002758151	0.455327777993478	2.8811333087618	0.00396248007974499	0.0467673061608642	TRUE
ENSG00000183386	155.166864435475	-1.13376831934206	0.337427215961586	-3.36003815255713	0.000779317095896483	0.0137459615686399	TRUE
ENSG00000183397	11.2111141303439	1.27575077316942	0.375646268496263	3.39614919715916	0.000683410971272649	0.0125942878991674	TRUE
ENSG00000184371	258.168429151615	2.14078957292013	0.320507523246519	6.67937386066764	2.39965280187642e-11	5.37169337502396e-09	TRUE
ENSG00000184545	21.6500762884422	1.04826351194295	0.347647661333497	3.01530436857263	0.00256721491047507	0.0339993343679391	TRUE
ENSG00000184557	3611.94861864446	1.05305057081342	0.190141711558904	5.53824072677074	3.05525126068179e-08	3.14236720879042e-06	TRUE
ENSG00000184939	15.3806472372876	1.18562710067117	0.354739821275985	3.34224417322678	0.000831039213542577	0.0144572330383373	TRUE
ENSG00000185022	1333.03203283765	1.17115910519461	0.198239553281993	5.90779733814602	3.46712171177692e-09	4.67048908820074e-07	TRUE
ENSG00000185291	85.708625253569	1.58941030992675	0.233867319210741	6.7962052812283	1.07410701595581e-11	2.63710596723861e-09	TRUE
ENSG00000185669	44.8907595727935	-1.06021847179785	0.306260884999879	-3.46181482430663	0.000536546181397746	0.0104574980451171	TRUE
ENSG00000185813	37.2889999078224	1.17931583192915	0.282996435350321	4.16724624276371	3.08301408934584e-05	0.0011390689433986	TRUE
ENSG00000185972	15.4620846899396	1.26074106253393	0.427660155662558	2.94799748314338	0.00319839668713663	0.0397391432697325	TRUE
ENSG00000186130	15.9641751781214	-1.30011782994354	0.34275057781956	-3.79318931630798	0.000148724679560098	0.00401398417068051	TRUE
ENSG00000186642	294.032368069018	1.12504153845341	0.258457465202139	4.35290788592046	1.34343606982954e-05	0.000584279538712724	TRUE
ENSG00000187037	117.760244122703	-1.13018886322212	0.250810762146424	-4.50614181604503	6.60169745617174e-06	0.000326269606096903	TRUE
ENSG00000187498	3.81314046496507	2.27002764441071	0.667769509130039	3.39941793294526	0.000675294420000366	0.0124749170646184	TRUE
ENSG00000187642	26.278582611119	2.09177014630002	0.483496575909925	4.32633911080627	1.51607963224345e-05	0.000637507297293086	TRUE
ENSG00000187775	322.460445423983	1.88858753311556	0.361720530943759	5.22112341311695	1.77840969910633e-07	1.42478697051561e-05	TRUE
ENSG00000187954	741.7634471359	1.03021951196166	0.230935834156429	4.46106389562663	8.15537679394868e-06	0.000387941079867146	TRUE
ENSG00000188056	5.11462403427438	2.19281535272308	0.659671679527901	3.32410109570322	0.000887040337587324	0.0151171598992438	TRUE
ENSG00000188211	102.596234725132	2.13769461168956	0.448014145645861	4.77148909797891	1.82868880532017e-06	0.000108848484504079	TRUE
ENSG00000188536	5.67660520006604	4.91536838171979	1.16920133257811	4.20403932561495	2.62193353188236e-05	0.000997776805557834	TRUE
ENSG00000188725	21.1586134215808	-1.28516397291019	0.365187730896835	-3.51918715821603	0.000432871220357526	0.00895859295680063	TRUE
ENSG00000188886	389.540976734087	1.32890161827324	0.358694537705378	3.70482814367461	0.000211534102681666	0.00522722745295508	TRUE
ENSG00000196227	70.3492146988045	-1.01664607033921	0.237083774933634	-4.28813009504256	1.80183556245216e-05	0.000735322813180879	TRUE
ENSG00000196421	14.0675579791125	1.10645123353102	0.388166755308231	2.85045336417959	0.00436569520181502	0.049781448167132	TRUE
ENSG00000196917	14.0160788600788	4.62423351107399	0.671010167325341	6.89145073539835	5.52262479073574e-12	1.4363429487285e-09	TRUE
ENSG00000197061	14.035227221161	-2.01905228590408	0.565482275625975	-3.57049614626566	0.000356305696728368	0.00782271862893246	TRUE
ENSG00000197279	82.4836791481288	1.83885186676984	0.349295915143083	5.26445282366555	1.40607498420319e-07	1.16322138095331e-05	TRUE
ENSG00000197632	58.7550853326135	3.22176197984693	0.428769414923754	7.51397340320982	5.73592426691681e-14	2.49463540545736e-11	TRUE
ENSG00000197782	30.9239392165656	-1.01865241357509	0.315029762902975	-3.2335116662892	0.00122278341788933	0.0194223797360372	TRUE
ENSG00000197980	12.5819098664454	1.69035087369524	0.407600374288493	4.14707880640667	3.36744180176163e-05	0.00122629662934008	TRUE
ENSG00000198258	58.4602685406854	-1.42086379432317	0.232079630335318	-6.12231151984451	9.22274830726687e-10	1.47777552350754e-07	TRUE
ENSG00000198685	2.37233564884491	3.28363471173456	1.11296850084022	2.95033930363313	0.00317425120728281	0.0396703217383078	TRUE
ENSG00000198712	506.509604432058	1.1977663395868	0.349373257912922	3.42832862120584	0.00060730983925097	0.0114980974789531	TRUE
ENSG00000198835	27.7236996935136	1.2001493560015	0.398437495712013	3.0121395925773	0.00259413275653109	0.0341886483289319	TRUE
ENSG00000198840	120.89060482378	2.35676680471331	0.507306271289703	4.64564886754071	3.39009201741245e-06	0.000181704157355818	TRUE
ENSG00000199121	11.6386818532332	1.66715417245156	0.499721299582757	3.33616792768999	0.00084941838453737	0.0146763299085447	TRUE
ENSG00000199266	4.94443557994164	3.77081500272252	1.04704213042183	3.60139758770103	0.000316511103153053	0.00713767705510486	TRUE
ENSG00000199347	15.0362520432241	1.90569930195926	0.599624823481129	3.17815278376185	0.00148216625257216	0.0225615346966535	TRUE
ENSG00000199377	3.66206503550721	3.6340719771163	1.25850350106068	2.8876137206241	0.00388176257076942	0.0461626483220719	TRUE
ENSG00000199568	22.4577855523504	3.0778126344013	0.700310978741518	4.39492272409071	1.10812166469361e-05	0.000497576046606669	TRUE
ENSG00000199990	14.8835173683349	2.43535881964906	0.419199407464481	5.80954738075436	6.26419645323665e-09	7.94613320093069e-07	TRUE
ENSG00000200312	33.2513206230532	1.79367977636061	0.494970038328901	3.62381485234209	0.000290289442948248	0.00664479082790711	TRUE
ENSG00000200419	7.08655112010269	2.14181872842791	0.612145916949417	3.49886958178452	0.00046723505866904	0.00948300275074685	TRUE
ENSG00000200488	929.958927005814	1.54385129419562	0.435843556558394	3.54221433577344	0.000396782928070123	0.00847100944050969	TRUE
ENSG00000200651	2.98303119926636	-1.9868128679909	0.652789714120672	-3.0435725701763	0.002337870463582	0.0315768094025246	TRUE
ENSG00000200785	11.7797273248797	2.16672647561771	0.700473112348779	3.0932328984797	0.00197988689482237	0.0278808363941305	TRUE
ENSG00000201229	16.4747634891113	2.2131245841162	0.610334445207689	3.62608501206761	0.000287750657693551	0.00661652645228283	TRUE
ENSG00000201428	80.3278189733909	2.36046143067176	0.585954592832898	4.02840332603197	5.61569438054286e-05	0.00184845809659026	TRUE
ENSG00000201662	18.78390617304	1.7039209826948	0.442508590358485	3.85059413493966	0.000117831628852238	0.00333389043566684	TRUE
ENSG00000202019	26.0094506337917	2.26296146259179	0.46580098576527	4.85821527164426	1.1844858785158e-06	7.48142906338903e-05	TRUE
ENSG00000202198	113230.038532128	1.12059230235769	0.291489198389936	3.8443699064918	0.00012086258081103	0.00339661637455493	TRUE
ENSG00000202272	8.96101797281229	2.29253740113424	0.510535104005561	4.49045987856159	7.1069561707189e-06	0.000346737457790651	TRUE
ENSG00000203711	6.50152279856272	1.66916560165436	0.525407912410772	3.1768946797843	0.00148861084761209	0.0226369973250262	TRUE
ENSG00000203721	24.5462953906036	-1.20616030622224	0.270474677453752	-4.45942044400249	8.21815700442017e-06	0.000388499335159266	TRUE
ENSG00000204936	27.818765277153	-1.27098183651005	0.317540187723477	-4.00258576913375	6.26539432529961e-05	0.00200560646509121	TRUE
ENSG00000205710	3096.0080407428	1.44932445975831	0.216827389502685	6.68423146670945	2.32139645811411e-11	5.27407416200193e-09	TRUE
ENSG00000206172	5.01951335267027	4.99927532899824	1.18482417253566	4.21942381399866	2.44927470924014e-05	0.000946265472691711	TRUE
ENSG00000206344	230.542010486152	-1.36641658849139	0.20292805581904	-6.7335025853196	1.656267169162e-11	3.93932794515375e-09	TRUE
ENSG00000206989	3.4855463486372	2.8618600305756	0.949162999765451	3.01514074114014	0.00256860034969977	0.0339993343679391	TRUE
ENSG00000207357	71.651179401172	1.47166203078199	0.326504244435136	4.50732894247064	6.5648817678147e-06	0.00032550693898917	TRUE
ENSG00000207546	13.9700923173724	-1.49002904344907	0.359896732325195	-4.14015718848682	3.47067916982003e-05	0.00125787329340477	TRUE
ENSG00000207870	7.18882234191756	1.86620974718003	0.555192091701609	3.36137667498159	0.000775549813576012	0.0137112883417585	TRUE
ENSG00000210112	6.4900618003826	3.71386821460863	1.24743435736559	2.97720532762286	0.00290889123948669	0.0372899566811051	TRUE
ENSG00000212135	7.41729137720401	2.86212782391617	0.826302252916018	3.46377831334204	0.000532645276059611	0.010394777425871	TRUE
ENSG00000212176	10.1791052648894	1.92642164798248	0.562088063399032	3.42725948730012	0.000609706142617369	0.0115232380566357	TRUE
ENSG00000212195	4.79569551845846	2.8938645631707	0.902580997535114	3.20621038009181	0.0013449561807163	0.0209120765912804	TRUE
ENSG00000213190	66.5221989808196	1.40999514573493	0.323253738299014	4.3618834948497	1.28947533406699e-05	0.000564034296987576	TRUE
ENSG00000213600	73.6846000543988	-1.5586510428607	0.350797355597047	-4.44316645491217	8.86445324360541e-06	0.000412644364752787	TRUE
ENSG00000213614	90.6058131801011	1.59726606832946	0.367213179143339	4.34969701266082	1.36325759064297e-05	0.000591211026916448	TRUE
ENSG00000213865	7.99889168420746	-1.65553695140519	0.492259732097926	-3.3631370665839	0.000770620913228238	0.0136717850130073	TRUE
ENSG00000213901	10.0176352839999	-1.51955590487572	0.374190439144271	-4.06091590247674	4.88805777196435e-05	0.00165346700899648	TRUE
ENSG00000213971	32.4899108491169	1.41268051652686	0.390083306494712	3.62148416250159	0.000292917740285355	0.00667883472614623	TRUE
ENSG00000214022	130.349541373259	1.59229027540197	0.3224106278891	4.93870281456624	7.86439574296132e-07	5.1378468669252e-05	TRUE
ENSG00000214174	162.576143492621	1.39151385111352	0.274242329403526	5.07403016208346	3.89477279776227e-07	2.85029959267006e-05	TRUE
ENSG00000214407	40.5980859867227	2.86749118180396	0.541885645877	5.29169060598228	1.21190792342225e-07	1.03638552867042e-05	TRUE
ENSG00000217555	66.0011499573976	-1.91670993945979	0.306367968597455	-6.25623477622168	3.94382907304446e-10	6.98057745928869e-08	TRUE
ENSG00000218565	77.5250790396672	1.76855937076891	0.450343704493075	3.92713243934356	8.59646502273088e-05	0.00259119585299029	TRUE
ENSG00000219085	13.4015887684411	-1.26893860249258	0.374801627070593	-3.38562725143555	0.000710157749426058	0.0129461332476209	TRUE
ENSG00000219200	58.2316733133768	1.30205504454587	0.271831337281352	4.78993723669986	1.66833488262353e-06	0.000100693337012639	TRUE
ENSG00000219891	9.63753550480772	1.77611729489574	0.602473028359712	2.94804449542145	0.00319791032238818	0.0397391432697325	TRUE
ENSG00000220412	9.56193042984116	1.4800507441632	0.440389051735309	3.36078006101925	0.000777226895238336	0.0137249974470046	TRUE
ENSG00000220987	16.5570780767297	1.88615592227914	0.454294176944478	4.15183820969305	3.29815400729459e-05	0.00120394485129588	TRUE
ENSG00000221676	31.0607335810017	3.41914813116157	1.08557924258095	3.14960713787471	0.00163490150125324	0.0243247393816116	TRUE
ENSG00000222043	16.6687704201424	1.22430721415387	0.326810632874723	3.74622821596869	0.000179513293124753	0.004639306193455	TRUE
ENSG00000222112	48.2707980327649	-1.58998410848799	0.357068220776227	-4.45288607603203	8.47237126148073e-06	0.000398044553525493	TRUE
ENSG00000222570	7.16206073972882	-1.43677572830014	0.461301497773911	-3.11461318732662	0.00184186274636558	0.0264000326979067	TRUE
ENSG00000222831	10.4247434384582	-2.44647555659916	0.623846976504127	-3.92159559754311	8.79645360944041e-05	0.00264022690227756	TRUE
ENSG00000223356	16.7629539953808	1.1930374865778	0.398714335392105	2.99221116643458	0.00276964611804728	0.0359723150246721	TRUE
ENSG00000223473	47.0731211425311	1.33782345434131	0.26332264215573	5.08054849894039	3.76346634140413e-07	2.78094585674047e-05	TRUE
ENSG00000223711	4.76752199005242	1.87588120164246	0.573389829299358	3.27156343867251	0.00106954590001891	0.0174497617257104	TRUE
ENSG00000223722	5.30339056674628	2.53337469102829	0.652136754126737	3.88472919981435	0.000102444009314286	0.00298164954069229	TRUE
ENSG00000223799	39.9316897981404	1.70219582190813	0.266622407177788	6.38429395310755	1.72190053253927e-10	3.37294041931375e-08	TRUE
ENSG00000223872	3.80514438619031	2.697090326688	0.857245529885786	3.1462285105731	0.00165390730424381	0.0244275960916263	TRUE
ENSG00000224187	5.32694243331491	2.07705621868263	0.567055640026816	3.66287904055483	0.000249396323214752	0.00591325674762453	TRUE
ENSG00000224276	2.44756839542506	2.78469451290467	0.867567313128941	3.20977343286653	0.00132839634044428	0.0207606253534321	TRUE
ENSG00000224460	38.583118865068	1.11303350203298	0.304039836607887	3.66081469603087	0.000251414546657273	0.00595183861464542	TRUE
ENSG00000224870	13.9575770871708	-1.32693233073774	0.462548358377649	-2.86874292537077	0.00412106598726732	0.0478496311656622	TRUE
ENSG00000224977	9.91588264989222	1.88901323139646	0.556909156197549	3.39195937142464	0.000693947293218481	0.012711511067836	TRUE
ENSG00000225062	140.399382496733	1.22104350364837	0.167986284446524	7.26870951203797	3.6293791422479e-13	1.25560021143858e-10	TRUE
ENSG00000225518	10.1124055506512	1.69267904086388	0.501109386408877	3.37786337029965	0.000730513670250934	0.0131752121902366	TRUE
ENSG00000225697	32.8541435981668	-1.40007432895674	0.318676305422238	-4.39340580123044	1.11588552702104e-05	0.000498123445522411	TRUE
ENSG00000225931	35.4358745235709	1.30251461869696	0.37852949842092	3.44098577292008	0.000579599007546252	0.0110283201160863	TRUE
ENSG00000226312	30.5313462809958	3.49397915544921	0.472946033438669	7.38769100154067	1.49400435223357e-13	6.14641466208091e-11	TRUE
ENSG00000226318	5.73309586640883	-1.45201288453761	0.504173098505653	-2.87998881503458	0.00397689279309429	0.0468546920251403	TRUE
ENSG00000226380	1442.25128231808	1.1963504927345	0.236510809597906	5.05833325237197	4.22936846142451e-07	3.03698968817065e-05	TRUE
ENSG00000226644	12.7661320852091	1.25508388842097	0.354929054428301	3.53615426170896	0.000405997543291386	0.00857997780318943	TRUE
ENSG00000226989	23.9371367917055	1.16899365662387	0.330178596305111	3.54048890420391	0.000399386428644413	0.00849086622461628	TRUE
ENSG00000227200	15.7057980609267	-1.46102739246466	0.458601753303034	-3.18583036794288	0.00144339201362923	0.0221219218925068	TRUE
ENSG00000227256	2.79501477198964	3.01718939413735	0.959018221997564	3.14612311312789	0.00165450345358473	0.0244275960916263	TRUE
ENSG00000227543	33.3986578827456	1.93632661564434	0.288326098942664	6.71575213879408	1.87098596082728e-11	4.38156127626351e-09	TRUE
ENSG00000227766	11.0392715727551	1.7676892064656	0.520580296682644	3.39561296831643	0.000684751099933394	0.0126037258079639	TRUE
ENSG00000227938	3.35761771864822	2.57373625769365	0.797120182450063	3.22879324141925	0.00124313736030258	0.0196093646616848	TRUE
ENSG00000228013	26.6979907015477	3.36802213930025	0.427788335158655	7.87310420245829	3.45948278658014e-15	1.95037951767862e-12	TRUE
ENSG00000228022	10.6430293651398	1.63061485587094	0.545262459929514	2.99051369881897	0.00278508636874707	0.0360498169260781	TRUE
ENSG00000228044	4.60804267788077	5.52846403494045	1.05113534117412	5.25951684657958	1.44434397134924e-07	1.18203246945582e-05	TRUE
ENSG00000228261	41.9284786563773	1.99103448906655	0.331878259713545	5.99929170047195	1.98180069439261e-09	2.7932379787078e-07	TRUE
ENSG00000228274	11.5109103570447	2.3196548388422	0.724978034257563	3.19962085639976	0.00137608479647955	0.0212330045008875	TRUE
ENSG00000228277	3.94889967562691	2.52133392013086	0.675625043502782	3.73185385056035	0.000190075774090053	0.0048627452658803	TRUE
ENSG00000228486	7.57307175304121	1.80620611507793	0.453023727946389	3.98700112964431	6.69137071207499e-05	0.00211930136565328	TRUE
ENSG00000228830	8.86280620168635	2.2471799915321	0.579490638364167	3.87785383017683	0.000105381997695135	0.0030496668610558	TRUE
ENSG00000228873	2.31514303381985	2.46892984688277	0.799719464039202	3.08724491262569	0.00202021076302824	0.0283164348386886	TRUE
ENSG00000228956	47.4933483087602	1.00872365335168	0.302256441352152	3.33731069167336	0.000845933274068437	0.0146327230657611	TRUE
ENSG00000229719	199.088046160101	1.49054143879947	0.324964066105742	4.58678849222196	4.50116272643729e-06	0.000233845389152998	TRUE
ENSG00000229899	12.9604199902008	-1.45019505418767	0.40699254318679	-3.56319809407932	0.000366363997492418	0.00795496155689362	TRUE
ENSG00000230074	19.5303922629185	1.35682860149071	0.433023087184461	3.13338628273353	0.00172801862852539	0.0251471315137796	TRUE
ENSG00000230107	12.0158514440026	-1.6024047864491	0.432931027189932	-3.70129347589151	0.000214503206549827	0.0052651320831872	TRUE
ENSG00000230295	21.7520141287682	1.10318687344466	0.338109692035135	3.2628076018892	0.00110314384006183	0.0178449049239332	TRUE
ENSG00000230534	12.7624724326949	1.4041790654326	0.46425693558925	3.02457315721168	0.00248984247221559	0.0332459492211103	TRUE
ENSG00000230583	18.3642835296661	1.73744019451991	0.500402312387316	3.47208666209184	0.000516429596412845	0.0102357959851515	TRUE
ENSG00000230647	6.75492008509078	2.55697263917266	0.756005558910101	3.38221407109616	0.000719040879546344	0.0130455783890995	TRUE
ENSG00000230731	7.38183738606931	2.87752389801491	0.599746338093534	4.7979015714576	1.6033653069652e-06	9.80177779221858e-05	TRUE
ENSG00000230844	71.505089143899	1.06189295986922	0.258933602937893	4.10102415376318	4.11325618615655e-05	0.00144935152003877	TRUE
ENSG00000230869	3.11456942040595	2.64904177090893	0.83993750292194	3.15385580676366	0.00161128676959936	0.0240460854969034	TRUE
ENSG00000231105	89.4477040830726	1.01736982332474	0.268152763534893	3.79399343088388	0.000148243597288369	0.00400810663929584	TRUE
ENSG00000231233	204.476833287363	1.06351940502992	0.292720721099711	3.63322214100331	0.000279903841976407	0.00646622268774141	TRUE
ENSG00000231551	2.40765000395514	-2.2561686994948	0.716779179248383	-3.14764820856073	0.00164589644266008	0.0243951661637505	TRUE
ENSG00000231794	9.00862459380014	2.44584881562761	0.60342774384273	4.053258804529	5.05090720285777e-05	0.00170181025552881	TRUE
ENSG00000231830	14.4982329953129	1.68400293890962	0.370303158543276	4.54763320284457	5.42525827425517e-06	0.000274363061298047	TRUE
ENSG00000231856	53.4738735949381	1.57268114401971	0.285463391740442	5.50922181100431	3.60423506336245e-08	3.65640377204271e-06	TRUE
ENSG00000232309	3.55943399627092	3.87553448523545	0.931073967248677	4.16243458797119	3.14872356193484e-05	0.00115548406112693	TRUE
ENSG00000232546	27.3779663669895	1.24078421206231	0.417227634511923	2.97387830869303	0.0029406167047686	0.037457797054383	TRUE
ENSG00000232671	26.271236717338	2.28986525429029	0.376991849659185	6.07404445576321	1.24728173854556e-09	1.87981412120204e-07	TRUE
ENSG00000232748	41.0213579237631	1.30474148948476	0.441822811207483	2.95308765502387	0.00314612613700448	0.0393834967577978	TRUE
ENSG00000232774	13.0180673068397	1.17986959388123	0.38685522798781	3.04989957100543	0.00228917900040711	0.0311443610006505	TRUE
ENSG00000232873	5.46326712226624	3.2252186695982	0.827416755521123	3.89793734303446	9.70155087332167e-05	0.0028620097910521	TRUE
ENSG00000232926	16.4689184140321	1.45103470890691	0.389141123183716	3.72881359090353	0.000192383394785271	0.00488228330117298	TRUE
ENSG00000233058	96.0449336791987	1.91573289700465	0.24656127888046	7.76980434926056	7.86074492943478e-15	3.98854197719521e-12	TRUE
ENSG00000233429	10.3215491837087	-1.23273041976913	0.429879488629324	-2.86761860562296	0.00413573756360214	0.0479749948201752	TRUE
ENSG00000233559	12.4587906670012	1.36922875749855	0.36996726756158	3.70094567155363	0.000214797465750838	0.0052651320831872	TRUE
ENSG00000233791	167.965133005295	1.13932858640777	0.275971121425364	4.12843409311543	3.65242095127208e-05	0.00131746805024321	TRUE
ENSG00000233896	39.7101508094945	1.91240449465624	0.328327058460531	5.82469353462118	5.7217497845001e-09	7.3190315310639e-07	TRUE
ENSG00000234028	22.7321284274625	2.76628070667765	0.441070950041832	6.27173634177289	3.57043816766239e-10	6.39402468095963e-08	TRUE
ENSG00000234883	7.86367403907182	1.67987997832229	0.566723366636433	2.96419748543733	0.0030347346160378	0.0383996095804883	TRUE
ENSG00000234975	79.3625408381177	1.33864163614352	0.462701844824081	2.89309768508157	0.00381462637171756	0.0455421510825763	TRUE
ENSG00000235027	8.98902069400117	1.88455830157772	0.636387167996651	2.96133925438867	0.00306304337571741	0.0385905354041211	TRUE
ENSG00000235172	71.4920733047974	1.83883966416214	0.232051812638113	7.92426330678925	2.29502854501052e-15	1.45562185467292e-12	TRUE
ENSG00000235194	29.0785023199737	1.03819187861237	0.298564871825238	3.47727404187074	0.000506539802794022	0.0100791488603014	TRUE
ENSG00000235319	4.49262214889528	3.85722326370424	0.861429262981047	4.47770168656217	7.54509338237944e-06	0.000363453833755	TRUE
ENSG00000235488	5.4621962121371	1.97301136953578	0.68649178088348	2.87404951446996	0.00405245425285026	0.0473782324400051	TRUE
ENSG00000235880	5.99769917979648	1.86659736019416	0.584665687462473	3.19258920135274	0.001410033862308	0.021658461606511	TRUE
ENSG00000236278	7.01188454075071	2.11208115597023	0.53863227947689	3.92119305961656	8.81116322662595e-05	0.00264022690227756	TRUE
ENSG00000236530	43.1343336981351	2.4874447716589	0.355613714694587	6.99479426375669	2.65648461457157e-12	7.77634784673238e-10	TRUE
ENSG00000236535	18.1979381481482	-1.46076810472512	0.368249819480448	-3.96678566410725	7.2848449217392e-05	0.00226578160025633	TRUE
ENSG00000236814	4.6437009998089	2.02664234872622	0.615331901875873	3.2935759425895	0.000989216150100714	0.0164207723411484	TRUE
ENSG00000237054	73.2768840678564	1.18118838603799	0.350265304185186	3.37226774083651	0.00074551936187268	0.0133352476221221	TRUE
ENSG00000237499	73.6267566766576	1.21471943408279	0.251345682137062	4.83286374269358	1.34582904619267e-06	8.36171826169176e-05	TRUE
ENSG00000237513	337.286538482083	1.77835258828694	0.285365738962993	6.23183636111818	4.60998894395961e-10	8.06589100056933e-08	TRUE
ENSG00000237803	90.494433659707	1.12065573639249	0.251350052736827	4.45854585742164	8.25175446394251e-06	0.000388879896130442	TRUE
ENSG00000238057	10.6573312381683	2.08896841533382	0.491061348852963	4.25398663570917	2.09997839979032e-05	0.000838884422602763	TRUE
ENSG00000239183	10.8882464370177	2.22392407713892	0.745932595296613	2.98140085466381	0.00286932939162069	0.0369204835158497	TRUE
ENSG00000239219	9.18541172337438	2.11056630084413	0.475345941664427	4.44006378481736	8.99322188832039e-06	0.000416093688705206	TRUE
ENSG00000239744	3.29008808393563	3.79836902442033	0.890785648506089	4.26406625521018	2.00739877814251e-05	0.000804121689496982	TRUE
ENSG00000239948	1113.91827601143	2.58007665479714	0.337578121974657	7.64290244789865	2.12378901730921e-14	9.79645952166084e-12	TRUE
ENSG00000240385	3.26377798557206	3.37811785390958	0.913525259414222	3.6978921152938	0.000217397242767524	0.00530323850866547	TRUE
ENSG00000240531	43.5013477652034	-1.23117546460094	0.293630133407113	-4.19294658322393	2.75354298796449e-05	0.00104473133846656	TRUE
ENSG00000240767	314.00741640484	1.26834951561881	0.315620565333929	4.01858958169247	5.85475498404081e-05	0.00190429658903994	TRUE
ENSG00000240966	2.61809312132581	-3.23868919208705	0.907875866358035	-3.56732601019468	0.000360642685216656	0.00786490394608588	TRUE
ENSG00000241370	9.55561928539908	1.32383796259809	0.412578839865934	3.20869088445803	0.00133340764742456	0.0207962409929268	TRUE
ENSG00000241475	3.51945033010792	6.11288898634844	1.09801321596089	5.56722714944639	2.58824905255315e-08	2.73599493596972e-06	TRUE
ENSG00000241721	77.3643428305556	1.37177360171931	0.256475424841298	5.3485576739687	8.86579247171642e-08	8.03304125026592e-06	TRUE
ENSG00000242970	32.411042306866	2.55783033753506	0.401635188263355	6.36854143332152	1.90834223805953e-10	3.67706146173951e-08	TRUE
ENSG00000243410	5.06908652829878	-2.39557809068148	0.714266070212832	-3.35390156495557	0.00079680703042365	0.0139734984068074	TRUE
ENSG00000243426	8.6474557024171	3.2445095773269	0.641420486231131	5.0583192258031	4.22967950264209e-07	3.03698968817065e-05	TRUE
ENSG00000243438	23.8854104094314	1.78079181630342	0.292811336841786	6.08170378753346	1.18912102163813e-09	1.84702042769139e-07	TRUE
ENSG00000243440	5.17779914966864	2.56955184397714	0.690292183677706	3.72241190721182	0.000197328764732109	0.00495666412005307	TRUE
ENSG00000244232	26.6441482755614	1.48808667655576	0.469600602999608	3.16883468004618	0.0015305142428061	0.0230896806778934	TRUE
ENSG00000244491	49.9786838547724	1.19886932497674	0.370999792136492	3.23145551665341	0.00123161492456284	0.0194881937439662	TRUE
ENSG00000244734	69.7915830519446	3.87965725507953	0.921879115279079	4.20842298168892	2.57159150186983e-05	0.000983536830187501	TRUE
ENSG00000245060	29.7730552978349	1.24311221804958	0.417781334594657	2.97550923201411	0.00292502545894452	0.0373818629859147	TRUE
ENSG00000245848	65.9566784617627	-1.22441669183447	0.286278437990371	-4.27701331762771	1.89417475169455e-05	0.000768883415207852	TRUE
ENSG00000247982	15.2232228024422	-1.06756158896456	0.345129577165855	-3.09321964733128	0.0019799753082417	0.0278808363941305	TRUE
ENSG00000248719	21.1052368015675	1.4080536795151	0.470701929096385	2.99139135082401	0.0027770934134573	0.036007594497144	TRUE
ENSG00000248996	8.60049979299652	1.44980609776168	0.42481269784284	3.41281252920089	0.000642961559836636	0.0119940696860702	TRUE
ENSG00000249189	8.16930686319028	1.98145271336121	0.596910904043337	3.31951167241092	0.000901750348520915	0.0152346768093067	TRUE
ENSG00000249240	7.13591683179336	2.07585457404549	0.562743348978459	3.6888122761713	0.00022530337430756	0.00547854307301865	TRUE
ENSG00000249850	67.4515627059624	-1.11566420903995	0.19575997245479	-5.69914367605263	1.20410715867424e-08	1.40991685917995e-06	TRUE
ENSG00000250069	462.872123754521	1.06624262509061	0.321080875824154	3.32079144344479	0.00089762585756026	0.0152008833014141	TRUE
ENSG00000250274	465.706088267996	1.83840711370629	0.311823692157671	5.89566206783516	3.73182020830694e-09	4.98296203603931e-07	TRUE
ENSG00000250739	45.5131245235576	3.94735352445442	0.447368686953587	8.82349086909594	1.10945743334941e-18	1.25308848263923e-15	TRUE
ENSG00000250771	18.9995773325677	3.51134899971093	0.571475595243447	6.14435512021315	8.02890344151439e-10	1.3579552020748e-07	TRUE
ENSG00000251022	1310.29878163327	1.15964966652141	0.302343548777194	3.83553633345752	0.000125290581693907	0.00348024312873113	TRUE
ENSG00000251127	38.0332418487797	2.63221968237958	0.410486774095631	6.41243481761085	1.43213665304955e-10	2.8684189648316e-08	TRUE
ENSG00000251139	20.8044611084659	1.36564279726669	0.411340817800245	3.31997880630915	0.000900242821689778	0.0152261069241798	TRUE
ENSG00000251230	123.506862274659	1.70391448256957	0.279854631529212	6.08856988808387	1.1392372153367e-09	1.78778029812941e-07	TRUE
ENSG00000251301	2.29198334741674	-3.08570954056658	1.02057407825804	-3.02350373804654	0.00249865941963775	0.0333344379366571	TRUE
ENSG00000251323	101.322288038455	1.77740061155372	0.344335906338302	5.16182186881045	2.44557950418391e-07	1.9113873481522e-05	TRUE
ENSG00000251748	23.6757623762502	1.05108281702411	0.31588569811128	3.32741502166343	0.000876557192110731	0.0150258486242225	TRUE
ENSG00000252817	32.4998610516877	1.45955652369234	0.324355913929703	4.49986098914991	6.79979146652866e-06	0.000334972251467635	TRUE
ENSG00000252908	187.122989460696	1.21763963721215	0.354255551520745	3.43717870329787	0.000587807644688371	0.0111566184132748	TRUE
ENSG00000253174	7.36941555971122	2.09980851878519	0.649799763895203	3.23147011657555	0.00123155200833312	0.0194881937439662	TRUE
ENSG00000253190	8.87812106363384	2.027143771059	0.608879845648637	3.32930016578146	0.00087064517217371	0.014941331241069	TRUE
ENSG00000253214	21.7127245534256	2.08119546153883	0.310409480409311	6.70467750789868	2.01851649271929e-11	4.65543303820803e-09	TRUE
ENSG00000253314	5.7466425145697	1.71256511050863	0.509013619599456	3.36447797183944	0.000766886057706088	0.0136213997320911	TRUE
ENSG00000253408	14.5486261515054	2.03891063114953	0.417472916584875	4.88393510129658	1.03989314182512e-06	6.70731076477201e-05	TRUE
ENSG00000253586	13.8246804921317	-1.18949170226899	0.38698365780323	-3.07375176776538	0.00211385239613351	0.0292793110298702	TRUE
ENSG00000253669	31.7649405056242	2.10664199776705	0.347705892055541	6.05868938634649	1.37235104433265e-09	2.02814831037201e-07	TRUE
ENSG00000253736	13.0608850268509	1.39536001631582	0.397704742539265	3.5085325043064	0.000450586170522854	0.00924780565832357	TRUE
ENSG00000254281	1012.232463217	2.02058129033962	0.542153885793604	3.72695159674435	0.000193809660320901	0.00489248863914554	TRUE
ENSG00000254578	12.6321295109028	2.97681577136264	0.553245150053347	5.38064503787443	7.42194135197992e-08	6.76507732094841e-06	TRUE
ENSG00000255163	13.666435043565	-1.60463493974999	0.522912721971769	-3.06864773474879	0.00215029979659435	0.0296484270867385	TRUE
ENSG00000255355	17.0323639277506	1.91690774287643	0.380268612450517	5.04093075293156	4.63273092706517e-07	3.31077136956742e-05	TRUE
ENSG00000255363	3.28549484687783	2.2010623916326	0.688688023749892	3.19602245970223	0.00139336265124376	0.0214456686321866	TRUE
ENSG00000255398	2116.96224220797	2.67506888017136	0.251440170084618	10.6389877133439	1.9624981308025e-26	1.49365732735378e-22	TRUE
ENSG00000255455	15.8149398963629	-1.0958041475843	0.337850130389319	-3.24346226038616	0.00118086453376751	0.0188221151130985	TRUE
ENSG00000255521	22.5220995663411	2.43067326003988	0.414652629846857	5.86195066684514	4.57460951094667e-09	6.00299189445089e-07	TRUE
ENSG00000255874	7.10593702527019	3.54878512699761	0.692208705581576	5.12675598902793	2.94777162815663e-07	2.27771470679189e-05	TRUE
ENSG00000256092	3.01826688474137	3.29236417096855	1.01374633789275	3.24771991562732	0.00116333724599064	0.0185816574590447	TRUE
ENSG00000256372	42.365544374903	2.937060178088	0.489005065936889	6.00619580997768	1.89926799410243e-09	2.72742051002144e-07	TRUE
ENSG00000256843	107.357308011802	4.17683448546752	0.417459802842209	10.0053572991464	1.44369593622901e-23	4.39518790825561e-20	TRUE
ENSG00000257594	9.51358400540406	1.71137954841251	0.497164812007407	3.44227810794263	0.000576836882987025	0.011003271970963	TRUE
ENSG00000258082	541.468993177356	1.57639061928969	0.228711944278395	6.89247176951485	5.48311759665909e-12	1.4363429487285e-09	TRUE
ENSG00000258404	12.5624704085381	1.45800449129429	0.469045450691517	3.108450341315	0.00188071248661204	0.0267553322160827	TRUE
ENSG00000258512	15.9298751668756	1.83869705405638	0.413278585182893	4.44904991446068	8.62509718542882e-06	0.000403973013404915	TRUE
ENSG00000258539	33.508594028135	1.3948914776879	0.40227833760739	3.4674784776735	0.000525365811192825	0.0103303488341747	TRUE
ENSG00000258597	6.37265826963492	2.4890136857877	0.662886238679227	3.75481272736474	0.000173471132168906	0.0045138078185899	TRUE
ENSG00000258820	74.7899916581113	1.33108176478527	0.376134244513106	3.53884759019567	0.000401877808500099	0.00850818358969194	TRUE
ENSG00000258872	66.6536174138724	1.3988519568818	0.345590141808142	4.04771950253832	5.17190727190125e-05	0.00173789784752496	TRUE
ENSG00000259062	4.89193833271181	1.71131937502239	0.560803250142212	3.05155038703577	0.00227662834170685	0.0310527209833886	TRUE
ENSG00000259248	13.6002576958152	1.37812161422847	0.371724362770234	3.70737501292134	0.000209418715685931	0.00518603141996565	TRUE
ENSG00000259374	60.3408635255605	1.47216692537851	0.485828409070664	3.03021992516782	0.00244375721015635	0.0327743367867841	TRUE
ENSG00000259379	2115.09260941134	1.94428979996106	0.458576458501144	4.23983779349677	2.23681360627084e-05	0.000879813351799865	TRUE
ENSG00000259398	34.2385347224715	1.89477541439827	0.476758425424725	3.97428826288764	7.05900276875014e-05	0.00220188811774415	TRUE
ENSG00000259415	2.62393164661421	-2.81577899211743	0.8075314569571	-3.48689697207302	0.000488659567594926	0.00981316086798148	TRUE
ENSG00000259438	8.57468002362067	4.24992583722379	0.742878274325358	5.72089127398878	1.05966695005015e-08	1.26788207636324e-06	TRUE
ENSG00000259473	8.63995583740029	1.62710951115399	0.42909079794616	3.79199348702452	0.000149442834355674	0.00401911453102839	TRUE
ENSG00000259476	10.9194861148398	1.7495165425079	0.473245568165822	3.69684717659075	0.000218293660800414	0.00531658576752624	TRUE
ENSG00000259600	1590.27929057032	1.78823568829405	0.461290652037532	3.87659208005921	0.000105929732344826	0.00305970092173233	TRUE
ENSG00000259626	182.345060173913	2.74388278864371	0.473103979135745	5.79974574227037	6.64155435025173e-09	8.28670002619114e-07	TRUE
ENSG00000259651	461.602740865795	1.95301700622808	0.35217899349194	5.54552384531354	2.93075389392906e-08	3.05561203927317e-06	TRUE
ENSG00000259671	1400.04686248959	2.08454085297845	0.482208504139962	4.32290354707932	1.53989066474439e-05	0.000643961969745581	TRUE
ENSG00000259687	64.5689949494633	1.23277645110133	0.32795336561962	3.75899923689509	0.000170594358065568	0.00446951345692612	TRUE
ENSG00000259717	30.2106045307007	1.35241751276717	0.316907651935032	4.26754451812486	1.97636339362621e-05	0.000794825302658492	TRUE
ENSG00000259912	21.4379553533366	1.52021702836366	0.405387350829937	3.7500356763756	0.000176809413412482	0.00458499640709505	TRUE
ENSG00000259932	4.49839855212284	3.57676104108226	1.12521900810483	3.17872433305806	0.00147924701150628	0.0225396376467954	TRUE
ENSG00000259962	12.4072060325514	-2.28929696455336	0.381489021059284	-6.0009511104583	1.96165053559146e-09	2.79067705166104e-07	TRUE
ENSG00000260135	15.8190663325452	2.5888316687739	0.498673504132413	5.19143617481326	2.08678123361263e-07	1.65442624677352e-05	TRUE
ENSG00000260196	14.213971454385	2.17124772495486	0.585517763841554	3.70825252287721	0.000208694484131633	0.00518229598279236	TRUE
ENSG00000260231	24.6823388538455	1.07832033411733	0.336593326990911	3.20362956615136	0.00135706961747407	0.0210171239998936	TRUE
ENSG00000260278	4.2002177267058	1.71374254210425	0.511313967505812	3.35164429492095	0.000803331626677724	0.014071707734509	TRUE
ENSG00000260651	30.4544932317726	2.76785820622933	0.47837557100245	5.78595223921907	7.21026998101589e-09	8.92314875211576e-07	TRUE
ENSG00000260708	45.0621189291413	1.26066361869046	0.236859906706926	5.322401905065	1.02406009132967e-07	9.01054491920244e-06	TRUE
ENSG00000260805	7.99395626466616	2.90873747387145	0.517668892613709	5.61891493843728	1.92160426428327e-08	2.16671556377185e-06	TRUE
ENSG00000260898	72.2452867946654	1.03186146629614	0.244372267982852	4.22249821885905	2.4160930886723e-05	0.000938001437258614	TRUE
ENSG00000260911	61.0320347313568	1.13469972884742	0.247030476210525	4.59335927393996	4.36167187886325e-06	0.000228942652896746	TRUE
ENSG00000261026	820.107315708907	1.50413754183963	0.302946855094925	4.9650211465913	6.86935846184089e-07	4.62678648257265e-05	TRUE
ENSG00000261055	15.245728287355	3.38810491279961	0.557652318116216	6.07565826005142	1.2348012916191e-09	1.87961452610259e-07	TRUE
ENSG00000261334	11.420304917336	1.6895942835685	0.479256882138035	3.52544605312911	0.000422770274714363	0.00882264658815997	TRUE
ENSG00000261449	96.1137239761855	1.35887449385083	0.334160265548496	4.06653523458378	4.77172735194833e-05	0.00163592868809364	TRUE
ENSG00000261888	59.5208774949578	1.05080090221805	0.254336429681725	4.13153909384125	3.60342391164714e-05	0.00130288168130862	TRUE
ENSG00000262074	13.0451352757596	1.89148889176009	0.402020060633737	4.70496146082457	2.53913915236345e-06	0.000142622790322053	TRUE
ENSG00000262172	4.48665079811264	2.46880911438759	0.742753686471519	3.32385979276086	0.000887808187371301	0.0151171598992438	TRUE
ENSG00000262202	8.42571224557889	2.00022425149137	0.520595891739867	3.84218216706721	0.000121945272353336	0.00341222598485749	TRUE
ENSG00000262420	26.2912238597705	1.9244068071086	0.394501686631252	4.87806991027488	1.07128957335019e-06	6.84880386374849e-05	TRUE
ENSG00000262533	49.149216675825	1.74239581738152	0.316332879597167	5.50810848243273	3.62709873589837e-08	3.65640377204271e-06	TRUE
ENSG00000262636	26.8200623310781	-1.52057544731621	0.286833144664835	-5.30125432014841	1.15009742170899e-07	9.94703576889449e-06	TRUE
ENSG00000262652	13.6227953911588	1.88426494024225	0.370004440557472	5.09254682836589	3.53285417937019e-07	2.64911853785089e-05	TRUE
ENSG00000262766	35.1302799158366	1.21887333662659	0.218200641461296	5.58602086805868	2.32331330562689e-08	2.52610536701804e-06	TRUE
ENSG00000263050	75.8456465354201	1.90068738051871	0.300957008444588	6.31547804898076	2.69327615740456e-10	4.9394035744593e-08	TRUE
ENSG00000263065	11.8452389290075	1.40513393393842	0.420550288444891	3.34117933704032	0.000834233189911803	0.0144962301562072	TRUE
ENSG00000263606	31.5611508966879	-1.02056831294868	0.290015604513478	-3.51901172580267	0.000433157562488849	0.00895859295680063	TRUE
ENSG00000263980	23.548334303087	1.13120740734052	0.344911089539419	3.27970726847632	0.0010391484753501	0.0170451703575207	TRUE
ENSG00000264112	32.7927166932268	-1.14845404168798	0.265269029927516	-4.32939360468046	1.4952048611034e-05	0.000633983520772033	TRUE
ENSG00000264739	37.6507544098871	1.17394423192806	0.364703798186513	3.21889774048279	0.00128684367438202	0.0202149993926142	TRUE
ENSG00000264950	36.9333420086768	1.17509414699663	0.314816053422697	3.73263731064837	0.000189485341282596	0.00485580111953481	TRUE
ENSG00000265134	11.6865892091068	1.78086338967918	0.438432150446706	4.06189050658058	4.86769083614214e-05	0.00165346700899648	TRUE
ENSG00000265185	12.3354231964585	1.7452475793893	0.425827827903942	4.09848174549783	4.15869029020882e-05	0.00145860791699444	TRUE
ENSG00000265558	5.35554951194839	1.66786011496088	0.581756489630181	2.86693856397052	0.00414463461212384	0.0480134155751515	TRUE
ENSG00000266239	6.52819109221466	-2.92723229405471	0.621016122054263	-4.71361723166172	2.43357609346143e-06	0.000137199612202481	TRUE
ENSG00000266698	62.4362356461272	2.51954914929943	0.492226764653047	5.1186756394187	3.07688610807746e-07	2.36547274430076e-05	TRUE
ENSG00000266709	179.751077577802	1.10863860184968	0.323578839336571	3.42617769481685	0.000612139771890232	0.0115464580021228	TRUE
ENSG00000266970	41.1189272991035	1.06073314500279	0.268888067177174	3.9448873880441	7.98374891303606e-05	0.00243430488199244	TRUE
ENSG00000267195	8.14514910235012	2.75486436485626	0.864787998811256	3.18559504600332	0.00144456644075363	0.0221219218925068	TRUE
ENSG00000267200	14.1224369909601	1.94324383940622	0.678532969788024	2.86389007746122	0.00418473204622396	0.04840424863801	TRUE
ENSG00000267212	21.4899049589029	1.47556897203407	0.333682991098169	4.42206828456523	9.77605478981694e-06	0.000446880198230011	TRUE
ENSG00000267214	2.61827970375555	2.74153582951629	0.796165186629319	3.44342590652949	0.000574393959711923	0.0109704201439585	TRUE
ENSG00000267257	9.48017414248529	2.61735147285547	0.579093318358782	4.5197404112231	6.19155023759371e-06	0.000307999273583828	TRUE
ENSG00000267275	24.9834981477636	1.10949361365255	0.386236314225624	2.87257715752856	0.0040713864551313	0.0475581916578782	TRUE
ENSG00000267278	164.807660820637	1.1148595773496	0.325591520079474	3.42410507828176	0.00061682765409003	0.0115917908031586	TRUE
ENSG00000267702	25.1232727734739	-1.52045575993197	0.326815611783413	-4.65233515508924	3.28197079402726e-06	0.000177787044223071	TRUE
ENSG00000267898	10.8946326552711	1.64978827371887	0.393615688766035	4.19136818171774	2.77277270227624e-05	0.00104473133846656	TRUE
ENSG00000268001	75.9312324889738	-1.28819335709141	0.242116418834374	-5.32055348948736	1.03452025989383e-07	9.05026861845055e-06	TRUE
ENSG00000268240	713.391220630444	2.43502949695177	0.241640579440785	10.0770719164265	6.97744456470341e-24	2.65526652909788e-20	TRUE
ENSG00000268635	57.5711243332077	2.16015325710985	0.352163463221871	6.13395051646485	8.57231924336223e-10	1.41834612524413e-07	TRUE
ENSG00000268658	728.935925690728	2.0694006400772	0.253975591514498	8.14802961078671	3.69901791514971e-16	2.55938412292768e-13	TRUE
ENSG00000268903	121.741379668724	1.05714843755196	0.22727370774987	4.65143305848395	3.29636280659993e-06	0.000177933456177532	TRUE
ENSG00000269303	33.4185831498258	1.59032667978569	0.363737574964227	4.37218145511114	1.23011219471035e-05	0.000542746893561766	TRUE
ENSG00000269837	14.2292657282204	1.46169245609981	0.444579476346761	3.28780911820529	0.00100970273840829	0.0166699512842202	TRUE
ENSG00000269877	12.3643736232178	1.09234607048671	0.382718464546352	2.85417655973693	0.00431485435782588	0.0493920154348458	TRUE
ENSG00000269902	15.549089870225	1.85438079411187	0.519642994000431	3.56856691136363	0.000358939190987847	0.00784476597990791	TRUE
ENSG00000269927	23.7584112300277	1.63228238612732	0.3986390166716	4.09463779977161	4.22828873451089e-05	0.00147283778299141	TRUE
ENSG00000269959	11.4764313584757	1.6041910230581	0.534726012662306	3.00002428359736	0.00269958082865555	0.0353032812489645	TRUE
ENSG00000269967	49.0372009596827	-1.06810095454033	0.354672972281392	-3.01150930015868	0.00259952439542866	0.0342300695045113	TRUE
ENSG00000270019	43.0168067104824	2.00171575542324	0.366557011388126	5.46085791086871	4.7383918140489e-08	4.50798751209077e-06	TRUE
ENSG00000270069	93.1966431158759	1.68636771270112	0.3486167802791	4.83731078966144	1.31607564407456e-06	8.23408130593905e-05	TRUE
ENSG00000270133	6.23697499510331	-2.35569292917013	0.59389926914148	-3.96648565096811	7.29401646842076e-05	0.00226578160025633	TRUE
ENSG00000270426	17.3256086081497	-1.90490583633329	0.380852861079915	-5.00168445874844	5.68315543735014e-07	3.96830238841027e-05	TRUE
ENSG00000270640	244.819439836333	1.10271239043308	0.30128830595005	3.6599906755621	0.000252224426372049	0.00595249646238035	TRUE
ENSG00000270959	20.1688072393377	1.14116570607141	0.299713886032557	3.80751696618904	0.000140369111647991	0.00382920899194575	TRUE
ENSG00000271361	31.5446912204523	-1.42595247009376	0.382449086079713	-3.7284766051096	0.000192640788693646	0.00488228330117298	TRUE
ENSG00000271605	31.8453810961547	-1.15391889589686	0.253028348325042	-4.56043326186726	5.10481848418172e-06	0.000260756869014142	TRUE
ENSG00000271614	498.902299152472	2.20508629438728	0.25644056620146	8.59882009718761	8.05398229310003e-18	6.45251149818782e-15	TRUE
ENSG00000271780	32.9613550919051	1.87031469729394	0.364492947376145	5.13127815162863	2.87781271332835e-07	2.23500332256552e-05	TRUE
ENSG00000271913	13.0160847825163	2.6415202272624	0.488688386397375	5.40532638136904	6.46904865144061e-08	6.00438162025786e-06	TRUE
ENSG00000271991	3.91325620839827	3.68118860423362	0.939106447091046	3.91988428536124	8.85914947189487e-05	0.00264939043735135	TRUE
ENSG00000272008	2.89603635420298	2.68653152986841	0.874103129040103	3.07347204307417	0.00211583511580983	0.0292793110298702	TRUE
ENSG00000272037	9.24802920924641	-1.79874382653941	0.516091376946992	-3.48532044301946	0.000491547999466626	0.00983870697087369	TRUE
ENSG00000272362	4.77416514657201	5.06975039178864	1.07526173963596	4.71489889848128	2.4183079651386e-06	0.000136845664852564	TRUE
ENSG00000272379	20.5266728194542	1.37714041212524	0.409953241505664	3.35926216138045	0.00078150890103116	0.0137686672355281	TRUE
ENSG00000272384	6.66362651602779	2.28925027590964	0.568316699028456	4.02812424801723	5.62236301879707e-05	0.00184845809659026	TRUE
ENSG00000272512	184.696779175992	2.06556721498584	0.290462849893029	7.1112956983881	1.14958538678113e-12	3.49979775151646e-10	TRUE
ENSG00000272524	3.53723169946261	2.13261917389957	0.618613977342779	3.44741511186042	0.000565978235063483	0.010891682293472	TRUE
ENSG00000272666	36.4179413666617	1.15656420462407	0.395989153381947	2.92069667753883	0.00349249675258307	0.0423270585731047	TRUE
ENSG00000272735	14.9701314292257	1.00452562835501	0.29087519742636	3.45345920602019	0.000553446003442473	0.0107116107310123	TRUE
ENSG00000272768	104.255297813799	2.45654872701611	0.306460239838509	8.01588071689368	1.09350591826782e-15	7.23710742950991e-13	TRUE
ENSG00000272831	102.85940059581	1.28276996899562	0.267700243993061	4.79181471731819	1.65279504497643e-06	0.000100635384698525	TRUE
ENSG00000272888	945.921937910704	-1.028577559321	0.236842645168696	-4.34287312822561	1.40631355392628e-05	0.000604714828188301	TRUE
ENSG00000272899	7.31156960636439	2.57208014965631	0.557415720035842	4.61429424611656	3.94433297340084e-06	0.000209932295528348	TRUE
ENSG00000272906	47.2111882463317	1.34846120532659	0.257623210119046	5.2342380358644	1.65666844309399e-07	1.334275504803e-05	TRUE
ENSG00000273004	106.89506106847	1.34278957246074	0.229402739905461	5.85341558263042	4.8157874564392e-09	6.26546296255706e-07	TRUE
ENSG00000273117	24.9437852283873	1.22606163534529	0.36310786747485	3.37657689400027	0.000733938540759962	0.0132017330853589	TRUE
ENSG00000273129	118.084823490649	1.58054098829933	0.306211826685306	5.16159354590719	2.44856479365182e-07	1.9113873481522e-05	TRUE
ENSG00000273142	20.4960343808633	1.61917600135218	0.488942279113587	3.31158926220825	0.00092767639416688	0.015603414444208	TRUE
ENSG00000273151	40.1522477093066	1.12444500610536	0.279112351530168	4.02864652868588	5.60988910321378e-05	0.00184845809659026	TRUE
ENSG00000273176	105.836152213193	2.08859539005663	0.384825410945112	5.42738429078044	5.71859157049428e-08	5.34039269239656e-06	TRUE
ENSG00000273320	525.92890181151	2.09670344675354	0.227464589090933	9.21771364559671	3.0350241798493e-20	4.61991380656661e-17	TRUE
ENSG00000273341	6.22180480836052	1.77481650580341	0.527414718682674	3.36512509593281	0.000765089626164216	0.0136053671605978	TRUE
ENSG00000273599	52.4192668628055	1.0371349420464	0.32361827634082	3.2048095483771	0.00135151876034326	0.0209926720101481	TRUE
ENSG00000273665	2.36886086955095	-3.09066061455423	0.992763578627397	-3.11318896169358	0.00185077478448973	0.0265028163400778	TRUE
ENSG00000273702	19.8828953116044	2.81317618011845	0.311051621260498	9.04408139304467	1.50928799938251e-19	2.08858017514551e-16	TRUE
ENSG00000273783	5.5038502988592	2.76898535437772	0.633656753134587	4.36985061814625	1.24331560339722e-05	0.000545410666135806	TRUE
ENSG00000273980	5.91922890686033	1.42535759407901	0.481523166493326	2.9601018045697	0.00307537397672238	0.0386567652135987	TRUE
ENSG00000274054	3.12189371068423	2.32811518908673	0.808369672549581	2.88001302887069	0.00397658737382648	0.0468546920251403	TRUE
ENSG00000274092	40.2174585372205	1.44681572294105	0.375105377382111	3.85709139399304	0.000114744267890401	0.00326719530521792	TRUE
ENSG00000274210	17.8160895915278	1.20291730220467	0.382106591520155	3.14811973648253	0.00164324368348342	0.0243795861110961	TRUE
ENSG00000274213	46.4066771582351	2.96315254643952	0.45219948986843	6.55275517294738	5.64850827302101e-11	1.24611004249168e-08	TRUE
ENSG00000274215	16.1932377987284	1.36498387121185	0.403557749394522	3.38237556647049	0.000718618256212998	0.0130455783890995	TRUE
ENSG00000274270	10.4700223834586	1.29678129437911	0.44006776869832	2.9467763526851	0.00321105351240854	0.0397710793863978	TRUE
ENSG00000274286	107.346997612503	2.02713562306832	0.603712794772148	3.35778144942811	0.000785707091231434	0.0138266281418785	TRUE
ENSG00000274383	9.09847687328037	1.41695890503429	0.450472791321648	3.14549276300807	0.00165807297101761	0.0244565763225097	TRUE
ENSG00000274528	11.1720709361912	3.08316768171803	0.516817555270307	5.96567908786585	2.43618677617783e-09	3.40216835843843e-07	TRUE
ENSG00000274986	12.4294642804684	2.35029405820373	0.656649083624041	3.57922384545559	0.000344616195584564	0.00763573177465537	TRUE
ENSG00000275202	21.1416335709901	2.43483164131908	0.553251195806547	4.40095142997298	1.07777249994452e-05	0.000485380266099274	TRUE
ENSG00000275302	1027.83602158159	2.49616017834908	0.502474751561956	4.96773254892847	6.77403003834681e-07	4.603316305523e-05	TRUE
ENSG00000275538	6.97749272560879	1.92412137181056	0.591010363409843	3.25564743181375	0.00113134142158163	0.0182428804230037	TRUE
ENSG00000275709	6.76881826256084	1.90678952475819	0.543989346261738	3.50519644890388	0.000456270476435054	0.00932261636549584	TRUE
ENSG00000275888	677.178172716668	1.00978436493093	0.295281229130314	3.4197377459618	0.000626815328080689	0.011721600643789	TRUE
ENSG00000276070	1048.73910257251	3.09862631016635	0.424723436031166	7.29563298677725	2.972581944775e-13	1.08737945457285e-10	TRUE
ENSG00000276083	2.34349182443067	2.59934619989167	0.819564819802598	3.1716175915381	0.00151592480761558	0.0229377807371017	TRUE
ENSG00000276085	1063.35170300937	4.40215500411955	0.370191300342118	11.8915679543286	1.30925339058438e-32	1.99294551114755e-28	TRUE
ENSG00000276248	55.2440988740033	-1.24336869550229	0.283634966972493	-4.38369326876002	1.16684035063449e-05	0.00051934631044907	TRUE
ENSG00000276706	2.25687101635843	5.66386500176182	1.31156547659319	4.31840049379295	1.57164050753444e-05	0.00065186680669453	TRUE
ENSG00000276797	3.15723114827492	2.7305048897011	0.928859640003261	2.93963132006846	0.00328602989689835	0.040436497243805	TRUE
ENSG00000276900	914.767932351439	1.58393817730835	0.211264390856939	7.49742145793483	6.50854493858895e-14	2.75202975153336e-11	TRUE
ENSG00000276916	13.1191262569742	-1.55367479214197	0.443680630426887	-3.50178638776072	0.000462149987178558	0.00941746600379119	TRUE
ENSG00000277053	104.763958751446	-1.11911330983714	0.356820768722044	-3.13634577338437	0.00171067384470242	0.0249902852822076	TRUE
ENSG00000277203	14.1432646386418	1.10895138493202	0.35215979827892	3.14900051156237	0.00163829908482574	0.0243299401650902	TRUE
ENSG00000277632	457.46116071993	3.48821634002793	0.398519527397954	8.7529370588274	2.07870635840136e-18	2.1094712125057e-15	TRUE
ENSG00000277895	12.7798754258305	2.03189234737497	0.538915468489693	3.77033591755927	0.000163027960837746	0.00432336519141493	TRUE
ENSG00000277969	61.9994275810182	1.27292505856641	0.305011416385829	4.17336856977248	3.00128826534372e-05	0.00111428317012346	TRUE
ENSG00000278330	46.5630897030237	4.05698072383467	0.453603461073588	8.94389278739766	3.75697030211362e-19	4.76571682823113e-16	TRUE
ENSG00000278598	25.0322080469957	1.50735450510042	0.45210312500595	3.33409441724293	0.00085577603452396	0.0147526871999136	TRUE
ENSG00000278832	62.8602713139169	1.31708138793879	0.244364397703773	5.38982519677601	7.05262500250653e-08	6.46717215591292e-06	TRUE
ENSG00000278841	6.24964753313923	-2.73325132397392	0.577816680924114	-4.73030878859811	2.24178588640587e-06	0.00012975081658886	TRUE
ENSG00000278869	79.8943753690306	1.36868332123115	0.227560187502909	6.0145991979096	1.80332312903058e-09	2.61430330191461e-07	TRUE
ENSG00000278970	50.7145131350682	1.2988717695115	0.293832108301292	4.42045553503517	9.84930515863114e-06	0.000448880608157734	TRUE
ENSG00000278976	176.474622259079	1.23215653917371	0.366470188016173	3.36222857811107	0.000773160936694313	0.0136932131967229	TRUE
ENSG00000279164	44.0626600705907	1.14350962361718	0.297793907461416	3.83993626117195	0.000123066257428787	0.00343727444143301	TRUE
ENSG00000279198	25.5956561489911	1.09336791590452	0.341981878159666	3.19715162039682	0.00138791951901592	0.0213835130753648	TRUE
ENSG00000279259	19.1689926040529	1.37680667140342	0.410398181226339	3.35480695184684	0.00079420387298274	0.0139600131114818	TRUE
ENSG00000279277	9.60971094919094	-1.29348041709775	0.400522499873114	-3.22948253221112	0.00124014456953525	0.0195867272104722	TRUE
ENSG00000279396	100.133794041288	-1.17399641040127	0.303588907589462	-3.86705963575205	0.000110155497435506	0.00316556760723503	TRUE
ENSG00000279416	13.9951635567337	1.41768289018725	0.376820683247646	3.76222153722797	0.000168410769042236	0.00441991159717399	TRUE
ENSG00000279491	138.729874538857	1.48609838464663	0.282155719626158	5.26694403578151	1.38713470898028e-07	1.15732663052222e-05	TRUE
ENSG00000279500	53.1379671185438	-1.17783913880669	0.238068540196703	-4.94747914963272	7.51807540521147e-07	4.93276481974694e-05	TRUE
ENSG00000279602	30.4705738859717	1.53904310984031	0.466309523561356	3.30047539686974	0.000965211761098873	0.0160573261502154	TRUE
ENSG00000279699	80.2019181174081	3.058287605678	0.353266567613714	8.65716681410436	4.83634668940172e-18	4.08993718367072e-15	TRUE
ENSG00000279719	263.423545333028	4.98517951806491	0.531534985160441	9.37883612037344	6.67049645278954e-21	1.12820330004847e-17	TRUE
ENSG00000279838	1609.60942539256	1.35387626232692	0.32067376903325	4.22197383468099	2.42172227593375e-05	0.000938001437258614	TRUE
ENSG00000279861	215.387977757144	1.5136330234246	0.277027121237268	5.46384417765438	4.6593256768679e-08	4.46064499706184e-06	TRUE
ENSG00000279865	39.6174563836304	1.27873622854088	0.30593038059942	4.17982753473324	2.91730260004164e-05	0.00109108550805489	TRUE
ENSG00000279873	26.0004089278691	-2.1880442680498	0.289393572025205	-7.56079083836471	4.00626022367717e-14	1.79362626837688e-11	TRUE
ENSG00000279957	212.35286788036	1.04302706001654	0.270430906872244	3.85690774800857	0.000114830474858204	0.00326719530521792	TRUE
ENSG00000280046	135.591313054819	1.64109778235472	0.434625768445809	3.77588698484945	0.000159439274822475	0.00425041093055641	TRUE
ENSG00000280111	34.7264152017726	1.2766540444415	0.319612472642077	3.99438117632906	6.48634405420949e-05	0.00206127618357363	TRUE
ENSG00000280162	5.72001576213816	3.3529773433729	0.775839199227664	4.32174263263668	1.54801695621577e-05	0.000645586687877165	TRUE
ENSG00000280181	137.334737193048	1.15777529393952	0.220428651363805	5.25238115270539	1.5014534633174e-07	1.22219917746618e-05	TRUE
ENSG00000280213	64.9450442900681	2.00275940269052	0.3105856912564	6.44833119835248	1.13088423103828e-10	2.32625942768443e-08	TRUE
ENSG00000280228	73.7973241572599	3.00637022947004	0.435640847611727	6.9010292445063	5.16271022184506e-12	1.42885045448955e-09	TRUE
ENSG00000280407	538.659399171021	1.32956783964439	0.293450963441718	4.53080073089779	5.87605439227334e-06	0.000295199009766286	TRUE
