ID	baseMean	log2FoldChange	lfcSE	stat	pvalue	padj	Significant
F9Z36_0002	300.528446145889	-0.735722683425904	0.212856070988133	-3.45643269656575	0.000547375881326448	0.0124894909853629	FALSE
F9Z36_0003	109.816972887846	-0.901908379448475	0.282313999091795	-3.194699456456	0.00139976524453894	0.0236618533970863	FALSE
F9Z36_0004	369.211874777075	-0.736630339539424	0.17438602925386	-4.22413620340587	2.39858963152357e-05	0.000946605405537544	FALSE
F9Z36_0025	395.165738335844	-0.80861252018125	0.248206094874715	-3.25782701101441	0.00112268822331777	0.0197083672143767	FALSE
F9Z36_0030	166.218469371102	-0.448044363682353	0.152861529592915	-2.93104723520389	0.0033782141074934	0.0480074100037668	FALSE
F9Z36_0089	831.99962788548	-0.573533632168639	0.140134598391214	-4.09273397685491	4.26316715598812e-05	0.00153547520497572	FALSE
F9Z36_0118	1022.49526363487	0.647978481974621	0.150675850792234	4.30047999442269	1.7042855734826e-05	0.000712050512601032	FALSE
F9Z36_0120	4181.38658802702	-0.656662238127724	0.16111145852561	-4.07582579251086	4.58513368568245e-05	0.00162344818125265	FALSE
F9Z36_0157	1369.21771378237	0.583445948623959	0.147259169662599	3.96203475790849	7.43137184243683e-05	0.00228296114394861	FALSE
F9Z36_0158	897.238956307389	0.539500948097736	0.147523969326235	3.65703926325817	0.000255145310440344	0.00642166931939612	FALSE
F9Z36_0183	1419.54867294036	0.464084106293911	0.137671514730475	3.37095227870824	0.000749088327012982	0.0147626935389634	FALSE
F9Z36_0185	438.640252992847	1.73550670778855	0.249809483616862	6.94732114514246	3.72287585891152e-12	1.55541753385323e-09	TRUE
F9Z36_0209	2157.77372382703	-0.370029418752187	0.123614860706194	-2.99340561998988	0.00275882821809648	0.0420670959679091	FALSE
F9Z36_0218	8619.5091606728	-0.485656769839304	0.143323139589455	-3.38854403573947	0.000702647453991815	0.0141137551095087	FALSE
F9Z36_0234	1615.62447264849	-0.639872076903379	0.133746014950261	-4.784232839695	1.71641624475142e-06	0.000108654349554113	FALSE
F9Z36_0235	368.483755073044	-0.729414782381858	0.18376790088913	-3.96921757745889	7.21090169077709e-05	0.00224829457194527	FALSE
F9Z36_0249	21729.7196733261	1.14917274406757	0.30753645952633	3.7367040832737	0.000186448129373223	0.00505831353585277	TRUE
F9Z36_0250	893.267924102425	0.55600641080276	0.169610069940649	3.27814504762199	0.00104491687668087	0.0189811422207508	FALSE
F9Z36_0255	323.232374825939	0.533912984568404	0.168896492237039	3.1611845663383	0.00157128901122358	0.0261009841105531	FALSE
F9Z36_0266	910.201022581641	0.905312467727506	0.175460334735141	5.15964174520744	2.47422839010453e-07	2.15360962788682e-05	FALSE
F9Z36_0268	974.751413954291	1.96115781838342	0.303284251145996	6.46640176986753	1.00364016555607e-10	2.3295603398296e-08	TRUE
F9Z36_0317	7949.37836950211	1.43690726088322	0.249911216057295	5.7496709573603	8.94172981939866e-09	1.09878079957199e-06	TRUE
F9Z36_0381	2939.95683649024	-0.411361399705338	0.0929959876965189	-4.4234316973735	9.7145353711363e-06	0.000450970319784527	FALSE
F9Z36_0398	2184.20455346948	0.69086225373598	0.157055471913121	4.39884230278935	1.0882986801062e-05	0.000483714030370607	FALSE
F9Z36_0402	19.5842932699826	1.41949763407949	0.412312389088343	3.44277220778671	0.000575784079454699	0.0127958823614986	TRUE
F9Z36_0407	7848.95608765059	-0.62542477150394	0.180740391110637	-3.46034866728322	0.000539476368246767	0.0124894909853629	FALSE
F9Z36_0429	1952.72649899256	0.444630232548135	0.143927898995207	3.08925674349587	0.00200657952645795	0.031755641142202	FALSE
F9Z36_0435	3461.93949104924	0.629678438188814	0.190843159070968	3.29945511934571	0.000968727162360222	0.01806555793134	FALSE
F9Z36_0461	8930.27968685633	0.417906987612705	0.139879034110726	2.98763135068474	0.00281148453850011	0.0424151378986839	FALSE
F9Z36_0466	868.826742646497	0.520752837606771	0.141139267720491	3.68963822766928	0.000224573181325837	0.0059170864298356	FALSE
F9Z36_0487	592.981131293601	0.864538412606533	0.249070890721885	3.47105360285512	0.000518420501510521	0.0124393056256424	FALSE
F9Z36_0488	364.26252343947	1.23542320927409	0.36568264343602	3.37840264352127	0.000729082432235941	0.0145052685803893	TRUE
F9Z36_0489	1878.79250518	1.7400991350595	0.5277483176927	3.29721398765829	0.00097649072658659	0.01806555793134	TRUE
F9Z36_0501	4346.56813597966	1.73815977105312	0.235795349616781	7.37147604428166	1.68749091053623e-13	1.18577061788898e-10	TRUE
F9Z36_0508	295.708732100549	0.970419407816057	0.279547080879924	3.47139882398876	0.000517754399087116	0.0124393056256424	FALSE
F9Z36_0527	910.171423665383	0.393536354851189	0.118658500374961	3.31654583201046	0.000911376376015528	0.0176283819397818	FALSE
F9Z36_0542	13627.6394546238	0.850058462008564	0.181853954696744	4.67440184859386	2.94811585095308e-06	0.000166449027368675	FALSE
F9Z36_0545	3344.62773254454	0.689685875160437	0.182284196361933	3.78357470875334	0.000154591892821511	0.00430589952138847	FALSE
F9Z36_0559	3024.62882616113	0.734954105238796	0.169633670120798	4.33259567346169	1.47361591321578e-05	0.00062824155973628	FALSE
F9Z36_0583	1234.36574581007	0.538418729669775	0.155842216002149	3.45489651958202	0.000550504066164284	0.0124894909853629	FALSE
F9Z36_0584	1792.09876210748	0.581152846339866	0.146820551550354	3.95825271192058	7.55000532863397e-05	0.00228579146833571	FALSE
F9Z36_0585	985.338959274021	1.03647436358275	0.235326593849811	4.40440813180785	1.06073079544209e-05	0.00048171013732142	TRUE
F9Z36_0587	1001.59265071122	0.494239759515594	0.169002917509319	2.92444513266074	0.00345070906329832	0.0487062921164203	FALSE
F9Z36_0642	3878.48408258256	0.780752998727746	0.236806742272975	3.29700493843096	0.0009772178296991	0.01806555793134	FALSE
F9Z36_0643	8369.5440949038	-0.639613954642327	0.110095852746727	-5.80960988706583	6.26185824530709e-09	9.34358705317608e-07	FALSE
F9Z36_0677	325.464583083597	0.464198473636644	0.136856017567305	3.39187477385387	0.00069416158076053	0.0140786751670752	FALSE
F9Z36_0692	895.442332404564	-0.710982665921396	0.184629079231165	-3.85087045270485	0.000117698748927676	0.00336811899328652	FALSE
F9Z36_0700	967.749246095667	0.678833882391561	0.172832393225717	3.92770052952408	8.57619062122313e-05	0.00252333270531481	FALSE
F9Z36_0702	1424.70343272	0.54168753348252	0.134912428114572	4.01510476872078	5.9419393941892e-05	0.00197027164991448	FALSE
F9Z36_0720	4369.34167382555	0.818787663840934	0.169040567675044	4.84373470287282	1.27421044079928e-06	8.872752036099e-05	FALSE
F9Z36_0750	1657.88779544274	-0.7715839872554	0.157126599451329	-4.9105879586887	9.08037133212533e-07	7.0255169306703e-05	FALSE
F9Z36_0760	1906.91945759981	0.797311291314346	0.190446639767139	4.18653378336958	2.83246790993604e-05	0.0010957454562697	FALSE
F9Z36_0761	6039.99330353171	0.793172336585259	0.266382581767204	2.9775683204333	0.00290544881653904	0.043091506253354	FALSE
F9Z36_0804	3980.11456413986	0.54620639963933	0.165517984749881	3.29998217695025	0.000966909689437113	0.01806555793134	FALSE
F9Z36_0842	3390.35076196673	-0.35891874730872	0.121232251870823	-2.96058797696145	0.00307052411077809	0.044543922690385	FALSE
F9Z36_0845	984.293499337328	0.576239930192458	0.154879811629294	3.72056192560263	0.000198779991175942	0.00532373591751977	FALSE
F9Z36_0851	1788.51217757544	2.67571063714216	0.264696793929702	10.1085872534322	5.06087687987655e-24	1.05721718020621e-20	TRUE
F9Z36_0863	3372.64359405356	0.311209790840483	0.104605624316959	2.97507703694311	0.00292914977883019	0.043091506253354	FALSE
F9Z36_0904	1232.91253908569	-0.554593271569457	0.138090011944834	-4.01617223257983	5.91510339723107e-05	0.00197027164991448	FALSE
F9Z36_0960	3118.89702545543	0.848762839446464	0.209308413822654	4.0550822776079	5.01166590022749e-05	0.0017448950109292	FALSE
F9Z36_0967	3934.28383817231	0.613393827188067	0.180407290627705	3.40005010359525	0.000673735064649574	0.0140723669936647	FALSE
F9Z36_0986	63.0786233744727	-0.718046096667055	0.232314494599446	-3.09083640220169	0.00199593570351352	0.031755641142202	FALSE
F9Z36_0987	1475.67664353809	0.794792991024839	0.19916235253705	3.99067886525887	6.58844396994983e-05	0.00208534234139776	FALSE
F9Z36_0994	4185.27366343601	0.660810686218409	0.125266206962916	5.27525102132321	1.32574491966573e-07	1.3188005415151e-05	FALSE
F9Z36_1014	5885.06023304983	-0.410117876324519	0.119479537256419	-3.43253653087349	0.000597963319549619	0.0130119309847829	FALSE
F9Z36_1017	166.51843649134	-0.576273655618113	0.17391442939772	-3.31354711402496	0.000921205855384165	0.0176550369898855	FALSE
F9Z36_1030	23639.6398761468	1.22600623210996	0.206711849086445	5.93099155915951	3.01110694725553e-09	4.83861724062832e-07	TRUE
F9Z36_1050	1707.76340417934	1.07969419064555	0.242694863935939	4.44877231077514	8.63625068651828e-06	0.000413752746899191	TRUE
F9Z36_1051	2077.0121008281	0.626818654697323	0.194343178538444	3.22531852885862	0.00125832581497903	0.0215654112527083	FALSE
F9Z36_1057	3767.8387520798	1.0634006950084	0.235124411298571	4.52271497091833	6.10514291003408e-06	0.000311064476562468	TRUE
F9Z36_1058	42.7450057716145	-1.09547740099132	0.263705481842615	-4.15416999804774	3.26470400827718e-05	0.00123999394059837	TRUE
F9Z36_1059	11807.1688572239	0.876259606738188	0.189465016063517	4.62491506318204	3.74751935672524e-06	0.00020073251118459	FALSE
F9Z36_1066	2777.99987223913	0.402262096208682	0.123256073879134	3.26362899245958	0.00109995100003071	0.0194728613480013	FALSE
F9Z36_1101	7265.38312386528	0.637654965633875	0.137753344780589	4.62896176241326	3.67503613310133e-06	0.00020073251118459	FALSE
F9Z36_1174	829.19544139463	1.65676395580381	0.319084084543752	5.19224880229537	2.07769092986261e-07	1.97286197840136e-05	TRUE
F9Z36_1175	1154.68355521031	0.648243820731906	0.177258684279716	3.65704971446686	0.000255134911599266	0.00642166931939612	FALSE
F9Z36_1176	869.497712356163	0.660477934285713	0.210761313701184	3.13377214578448	0.00172574805632071	0.0283865172413698	FALSE
F9Z36_1178	1976.3672857873	0.638839192745722	0.133521225516295	4.78455159676285	1.71369472939924e-06	0.000108654349554113	FALSE
F9Z36_1179	1013.15173708897	1.09243669566971	0.205731722499714	5.31000607196699	1.09621582740137e-07	1.14499743172073e-05	TRUE
F9Z36_1180	615.707017244662	1.13857909630663	0.226835876852386	5.01939601488859	5.18341944922963e-07	4.16467816516949e-05	TRUE
F9Z36_1197	271.134932559692	-0.535733417289115	0.181345072174929	-2.95422098248325	0.00313459460285751	0.0451597801749609	FALSE
F9Z36_1222	647.942308924242	-0.688673093000208	0.210578007798271	-3.27039418883638	0.00107397712318785	0.019340846640857	FALSE
F9Z36_1238	7366.41699689843	0.452626518431424	0.135863833227848	3.33147172192878	0.000863880764699823	0.0168658590416629	FALSE
F9Z36_1244	11454.5614377316	0.72522243552229	0.181246225216721	4.00131056332412	6.29926156450602e-05	0.00202448575511586	FALSE
F9Z36_1245	842.263231914298	0.733965850515678	0.245764356869233	2.98646174679516	0.00282226144945766	0.0424151378986839	FALSE
F9Z36_1250	5608.62830046042	0.525935406348812	0.161126650169556	3.2641118387018	0.00109807811140219	0.0194728613480013	FALSE
F9Z36_1251	28954.1740844676	0.693934627626384	0.181796542282408	3.81709475281661	0.000135032322463752	0.00381192596792945	FALSE
F9Z36_1252	18664.718235446	0.841474477541074	0.173627512903957	4.84643512694064	1.25699664849416e-06	8.872752036099e-05	FALSE
F9Z36_1253	2440.9792516551	1.33136530563973	0.19768008415268	6.73494910398477	1.63987326738988e-11	4.89385036511065e-09	TRUE
F9Z36_1254	289.416511217545	1.75855789525762	0.269684283830373	6.52080228881163	6.99323154636831e-11	1.82610758754543e-08	TRUE
F9Z36_1304	9360.70363853931	0.535834199240912	0.182503157779471	2.93602700227462	0.00332445382836331	0.0475670140236367	FALSE
F9Z36_1313	404.437676592648	-0.496887450781082	0.155582764037176	-3.19371785079197	0.00140453318393428	0.0236618533970863	FALSE
F9Z36_1372	4030.73474503792	0.688819494681916	0.186806002409232	3.68735204328678	0.000226599767537984	0.0059170864298356	FALSE
F9Z36_1379	981.880357448238	0.714788504972807	0.1632363336536	4.37885664897155	1.19303572386374e-05	0.000519219088989864	FALSE
F9Z36_1408	977.856250176526	-0.492520520552275	0.133900299033451	-3.67826303680796	0.000234827719096488	0.00605623586657485	FALSE
F9Z36_1417	290.980789821164	-0.743194205868198	0.21845164296969	-3.4020994109498	0.000668703087977782	0.0140723669936647	FALSE
F9Z36_1419	243.522933279966	-0.706985101398855	0.19814779987534	-3.56796846517417	0.000359759789170865	0.00894688332830877	FALSE
F9Z36_1420	216.10954895341	-0.600365343459719	0.193502229221187	-3.10262752980205	0.00191810884465322	0.0308225336652353	FALSE
F9Z36_1438	10568.7183693848	-1.10155130473311	0.173223609860531	-6.35912913730415	2.02900777070608e-10	4.238597233005e-08	TRUE
F9Z36_1441	5792.12630687076	0.653306531742882	0.163109469342122	4.00532559132157	6.19321156123094e-05	0.00202150296115804	FALSE
F9Z36_1442	2329.85850353238	1.72118282714658	0.29742674011204	5.78691353204564	7.16914578089779e-09	9.98423035753032e-07	TRUE
F9Z36_1446	1527.60826067083	-0.360632149814435	0.118907305470752	-3.03288471962844	0.00242228115636791	0.0377622786242729	FALSE
F9Z36_1458	311.94086918811	1.09379029009185	0.232845496785363	4.69749385404738	2.63373107249603e-06	0.000152829561401228	TRUE
F9Z36_1463	790.255382064498	1.0718526268394	0.17993110943917	5.95701671701061	2.56883975193884e-09	4.47192186816686e-07	TRUE
F9Z36_1474	1671.47622832859	0.688283616093645	0.142838366331191	4.81861865108259	1.44555550153395e-06	9.74117884743364e-05	FALSE
F9Z36_1481	1076.85281064357	0.646947657791754	0.213941392916544	3.02394804938061	0.00249499278190241	0.0386077031214381	FALSE
F9Z36_1504	5188.67807087177	0.794578055202252	0.202678046367874	3.92039527438528	8.84038473984245e-05	0.00256493940576818	FALSE
F9Z36_1521	51.7888654963252	-0.825779876171156	0.264867804525594	-3.11770574626922	0.00182264678276484	0.0297461650718418	FALSE
F9Z36_1541	4284.10838672962	-0.515351028470612	0.128107546248952	-4.02279993302758	5.7510346433787e-05	0.00196949366721608	FALSE
F9Z36_1546	5361.45759782001	1.82202237058531	0.386763707456312	4.71094452622891	2.46571351740564e-06	0.000147167872510296	TRUE
F9Z36_1598	1678.11989946976	2.25523698293548	0.30599125614363	7.3702661028879	1.70287786197556e-13	1.18577061788898e-10	TRUE
F9Z36_1599	13663.8212321509	1.29539014302218	0.264995848152543	4.88834127799805	1.01689135600667e-06	7.58673586677833e-05	TRUE
F9Z36_1600	982.305833867186	1.48812884535452	0.208821995854509	7.12630314285153	1.03100516818902e-12	5.38442449086716e-10	TRUE
F9Z36_1601	278.838135747759	1.41106252994834	0.245029763257028	5.75873931065339	8.47444599305875e-09	1.09878079957199e-06	TRUE
F9Z36_1602	272.70942843652	1.01920645044788	0.22164921548334	4.59828584651356	4.25981276931529e-06	0.000222468721877491	TRUE
F9Z36_1626	8503.5970835805	0.715786111446828	0.169462928691427	4.22385070867148	2.40163171342699e-05	0.000946605405537544	FALSE
F9Z36_1633	8638.30136236348	-0.274567425195452	0.0922602730133557	-2.97600924241473	0.0029202606086938	0.043091506253354	FALSE
F9Z36_1636	13466.3390625738	0.572602989266372	0.16676746432016	3.43354137811372	0.000595751265144579	0.0130119309847829	FALSE
F9Z36_1654	2385.17121028955	0.477134529806367	0.13821140026732	3.4522082034009	0.000556018507246889	0.0124894909853629	FALSE
F9Z36_1655	7597.38384241579	0.434809801026988	0.115636238116589	3.76015173192157	0.000169810329699266	0.0046675497202864	FALSE
F9Z36_1657	1679.41580036554	1.05334291907154	0.205904155923019	5.11569528234946	3.12587351259e-07	2.61197990712021e-05	TRUE
F9Z36_1658	3128.02476356718	0.965917507744302	0.204067909448518	4.73331407350935	2.20883296492058e-06	0.000135713295991738	FALSE
F9Z36_1659	1335.69979805735	1.04358666699911	0.231547181677192	4.50701519854389	6.57459259145123e-06	0.000327007712465277	TRUE
F9Z36_1660	7965.58040847789	1.02532826223954	0.198488626214905	5.16567766018697	2.39569349168287e-07	2.15360962788682e-05	TRUE
F9Z36_1675	3274.51501400991	2.45879209361014	0.356405026952073	6.89887040774198	5.24176607103278e-12	1.82500822039791e-09	TRUE
F9Z36_1676	1245.16365402028	1.74570886204159	0.326471090863832	5.34720810171125	8.93212984849969e-08	9.82064171237676e-06	TRUE
F9Z36_1677	932.367158916455	0.493671766073255	0.16474846968922	2.99651806784313	0.00273082054735613	0.0419462067899041	FALSE
F9Z36_1685	1116.04189777888	0.693218194191204	0.175422882720856	3.95169765448613	7.75987418782135e-05	0.00231576816833697	FALSE
F9Z36_1703	269.574526286412	0.545676071411886	0.166360151203533	3.28008881612688	0.00103774411930236	0.0189811422207508	FALSE
F9Z36_1723	3707.95854249212	-0.796548149084614	0.147888877361371	-5.38612614617544	7.19924448057881e-08	8.35512317773841e-06	FALSE
F9Z36_1760	97.7168637252493	1.36972018331435	0.331630924302948	4.1302546986333	3.62361555018854e-05	0.0013517380150614	TRUE
F9Z36_1761	8.85071287815821	2.02431088503416	0.594443011188281	3.40539100794136	0.00066069380825791	0.0140723669936647	TRUE
F9Z36_1878	7298.63182033392	1.11884729653751	0.273184357120178	4.09557599978285	4.21120046372359e-05	0.00153547520497572	TRUE
F9Z36_1880	246.404435611118	0.57938742027791	0.169906453428532	3.41003775069448	0.000649538880857865	0.013988522908372	FALSE
F9Z36_1911	5553.287455337	-0.795188227190542	0.131450892538203	-6.04931782383628	1.45460446324596e-09	2.76242611247346e-07	FALSE
F9Z36_1995	205.938641997533	-0.691830928719748	0.194335875836251	-3.55997535577369	0.000370889598497103	0.00911515730894646	FALSE
F9Z36_2013	2365.01520760316	-0.389319642648358	0.126252967157358	-3.08364746915707	0.00204479739471169	0.0321171560718249	FALSE
F9Z36_2069	839.194622692994	-0.452441410400116	0.140289123096844	-3.2250640706321	0.00125944479312131	0.0215654112527083	FALSE
F9Z36_2072	1417.48138551609	-0.399385962634704	0.126362933372213	-3.16062592072217	0.00157430540829568	0.0261009841105531	FALSE
F9Z36_2073	3565.57887912226	-0.431280226637404	0.138986445650198	-3.10303803093758	0.00191545023906184	0.0308225336652353	FALSE
F9Z36_2101	355.145051117565	-0.626996911582158	0.180785968966532	-3.46817242049481	0.000524010959816435	0.0124393056256424	FALSE
F9Z36_2124	10911.8369202605	-0.67384689547252	0.151534281847046	-4.44682805276157	8.71475388394659e-06	0.000413752746899191	FALSE
F9Z36_2129	445.578065421375	-0.658639997520774	0.194021814751703	-3.39466981258608	0.000687114137555675	0.0140723669936647	FALSE
F9Z36_2132	38.6272927041503	-0.915071310939813	0.264804380056301	-3.45565020769391	0.000548967222821628	0.0124894909853629	FALSE
F9Z36_2171	945.531658461108	0.459589388062199	0.107302619042091	4.28311435606169	1.84295389835611e-05	0.000754888371307041	FALSE
F9Z36_2178	9194.3554832457	-0.399068696129614	0.123248478547863	-3.23791985776633	0.00120404627401991	0.0209604388868966	FALSE
F9Z36_2206	270.115617560604	0.746268365393493	0.251945538146106	2.96202255013035	0.00305625399532181	0.044543922690385	FALSE
F9Z36_2215	269.79100024872	0.787246757137002	0.231905128236707	3.39469317958961	0.000687055501041098	0.0140723669936647	FALSE
