ID	baseMean	log2FoldChange	lfcSE	stat	pvalue	padj	Significant
F9Z35_0008	2937.99860613479	0.536163662961175	0.186144993978421	2.88035499371705	0.00397227630156907	0.0280617756354914	FALSE
F9Z35_0009	435.156304010728	0.801552966884001	0.226125325837355	3.5447288529748	0.000393017158210947	0.00505585035624453	FALSE
F9Z35_0028	719.83479693558	0.649865320512508	0.230968239012599	2.81365664513318	0.00489815151390202	0.0327171402402943	FALSE
F9Z35_0029	1662.54352086543	-0.449431333762059	0.146961495823222	-3.05815704477227	0.00222702831583418	0.0186390642979857	FALSE
F9Z35_0034	287.709502607121	-0.588250816949183	0.199144247553823	-2.95389309093749	0.00313792691064905	0.0237150601750946	FALSE
F9Z35_0038	3562.76532646201	0.40462915437887	0.150789394231613	2.68340592812091	0.00728764745589168	0.0435170696220008	FALSE
F9Z35_0042	297.639699834397	-0.618617776750759	0.2320720766671	-2.66562778958603	0.0076844720167241	0.0451110976981776	FALSE
F9Z35_0059	1227.08175624158	0.893489165734458	0.23660393055515	3.77630736580767	0.000159170554692562	0.00260849989330985	FALSE
F9Z35_0060	13.9311437033832	1.54369998046222	0.45217011902685	3.41398052526013	0.000640211518023926	0.00762400459178206	TRUE
F9Z35_0061	104.645157891398	1.34652700665769	0.307679314782262	4.3763975735925	1.20656849916556e-05	0.000344450514008358	TRUE
F9Z35_0063	360.281593014328	0.97602757270991	0.286527619231205	3.40639961804985	0.000658257518753359	0.00771836789214746	FALSE
F9Z35_0066	315.963831508709	1.2114160259559	0.314688938442331	3.84956659726347	0.000118327009144728	0.00212580592291046	TRUE
F9Z35_0068	213.486122872066	1.14750772481028	0.365271187715121	3.14152269164256	0.00168071784277931	0.0151628397590999	TRUE
F9Z35_0075	15.9194580792012	2.4354586600714	0.502262582614766	4.84897490749253	1.24101116600162e-06	5.62232015205951e-05	TRUE
F9Z35_0079	28.9099461018216	1.15373659358567	0.342225922062752	3.37127178044133	0.000748220034624867	0.00842859757923364	TRUE
F9Z35_0080	7.42776191124035	1.83652961929774	0.649624086331142	2.82706515651204	0.00469767684490878	0.0315805114348061	TRUE
F9Z35_0091	107.310582734178	0.854342540182318	0.281322160002786	3.0368831953155	0.00239038063707504	0.0194280740350824	FALSE
F9Z35_0092	353.074550729034	0.677146201086905	0.214405121348209	3.15825572089377	0.00158716264918679	0.0145072235127424	FALSE
F9Z35_0098	454.684053696633	1.01753941562236	0.282343917767537	3.60390060344821	0.00031347697807892	0.00429435846065853	TRUE
F9Z35_0099	54.8521525835469	0.923015461483701	0.313724953507841	2.94211681654017	0.0032597693372795	0.0241879328472997	FALSE
F9Z35_0104	399.367240090077	1.38686463570249	0.312212052322144	4.44205989290737	8.91017490471925e-06	0.000292211608347568	TRUE
F9Z35_0110	3323.38240504582	-0.635892560365225	0.12441622900151	-5.11100975707526	3.20441432030783e-07	1.80486471446527e-05	FALSE
F9Z35_0125	1473.97108493036	0.957006617609892	0.314467714414749	3.04325873131671	0.00234031022178638	0.0192016004023733	FALSE
F9Z35_0131	814.342444044179	0.881749153559534	0.296834482364256	2.97050782825666	0.00297307828077659	0.0227012925244518	FALSE
F9Z35_0136	299.37934937102	0.73466227231902	0.203873481261353	3.60352051563406	0.000313935955682949	0.00429435846065853	FALSE
F9Z35_0137	352.863239033335	1.35159901445251	0.33014517396736	4.0939535726369	4.24079263317235e-05	0.000999496166131713	TRUE
F9Z35_0138	107.988733942152	1.03129843339458	0.253872066537299	4.06227611986235	4.85965465880799e-05	0.00108898067838235	TRUE
F9Z35_0139	3837.02611375063	0.604497751683059	0.170177590376678	3.55215836788522	0.000382084820869248	0.00494574389249386	FALSE
F9Z35_0153	4689.94923609129	2.50562782865797	0.360557941558693	6.94930700410074	3.67084927393934e-12	5.46432134777827e-10	TRUE
F9Z35_0154	6569.47737715158	0.610257034679869	0.136009491041526	4.48687095295096	7.22768220021751e-06	0.000246926060741857	FALSE
F9Z35_0157	14083.9049717072	-0.934441365084057	0.180930825333464	-5.16463329762543	2.40910746052652e-07	1.39460554103813e-05	FALSE
F9Z35_0174	948.196428961828	-0.765561315410359	0.128406921275234	-5.96199416516978	2.49178047893931e-09	2.1636960492123e-07	FALSE
F9Z35_0175	240.924497839327	-1.02898163822999	0.171949459065987	-5.98420980106203	2.17442891623531e-09	1.97022167888452e-07	TRUE
F9Z35_0176	36.2897596335076	-1.52210849373233	0.401832707698075	-3.78791587785829	0.000151916264142361	0.00255520299883015	TRUE
F9Z35_0177	169.697067970721	-1.01184800609679	0.224455061012798	-4.50802045421065	6.54352691852689e-06	0.000227278501636834	TRUE
F9Z35_0179	3319.58370132182	-0.45152197002381	0.114842507175683	-3.93166242298319	8.4360470560342e-05	0.00169045404468993	FALSE
F9Z35_0190	6053.987883197	-0.706242219549784	0.232608017514165	-3.03619035619345	0.00239588053119778	0.0194280740350824	FALSE
F9Z35_0195	17258.4959010065	0.919349108383497	0.282097961755812	3.25897111294728	0.00111817052691533	0.0115067967367001	FALSE
F9Z35_0207	1186.16111070709	0.522965161862385	0.173802363712417	3.00896461182607	0.00262139647713596	0.021011500993659	FALSE
F9Z35_0216	4761.91795871362	0.868035263902921	0.193631685373942	4.48291952955204	7.36286998985127e-06	0.000247487436433065	FALSE
F9Z35_0218	4116.43026069003	0.85724375443426	0.219492515946479	3.90557168082802	9.40028875225299e-05	0.00186573350092335	FALSE
F9Z35_0222	853.940828206478	-0.872608525392748	0.274831424762885	-3.17506823008178	0.00149801273182702	0.0138749268139	FALSE
F9Z35_0223	701.390725780217	0.732987460349411	0.251515996598156	2.91427770107401	0.00356512614894095	0.0256952236579186	FALSE
F9Z35_0234	7841.58109633873	0.589398552087694	0.219434343862748	2.68599045032053	0.00723151556446739	0.0435016074301391	FALSE
F9Z35_0240	455.673399172472	3.46012605347734	0.321268941663651	10.7701853641983	4.76041808046787e-27	2.48017781992376e-24	TRUE
F9Z35_0243	41585.039932503	1.02801943397701	0.233270902544814	4.40697670717639	1.04823455618561e-05	0.000321253061042766	TRUE
F9Z35_0244	8361.60259654766	0.82870477410095	0.195682346844437	4.23494907672869	2.28603504544973e-05	0.000595512129339653	FALSE
F9Z35_0247	10705.5137952583	0.736648534807688	0.178767432155161	4.12070882222167	3.77708543060122e-05	0.000904763912341718	FALSE
F9Z35_0248	3180.50134564464	0.553252104341374	0.141807522963339	3.90142985915075	9.56261705876589e-05	0.0018763086477138	FALSE
F9Z35_0249	1503.68418503035	0.956470391809003	0.364373222413389	2.62497442999219	0.00866554746270952	0.0493415325472313	FALSE
F9Z35_0250	16576.0712622039	1.22549673598527	0.198459966139849	6.17503247542479	6.61498721896503e-10	6.89281668216156e-08	TRUE
F9Z35_0251	28646.3232889959	0.79117208856024	0.168734259130269	4.68886456513508	2.74725129570143e-06	0.000114505434004836	FALSE
F9Z35_0252	11846.2117808666	0.947920899159884	0.272109902818092	3.48359574327429	0.000494726133302077	0.00613695989167577	FALSE
F9Z35_0254	963.308251713147	0.745425826616445	0.275934412943974	2.70146017186989	0.00690357481629325	0.0420673974185823	FALSE
F9Z35_0256	10540.263265852	0.753865129749448	0.199049033541231	3.78733378573924	0.000152272481783967	0.00255520299883015	FALSE
F9Z35_0265	756.057618562819	-0.348156510121861	0.0921723570865727	-3.77723344749507	0.000158580078395647	0.00260849989330985	FALSE
F9Z35_0279	202.33968150731	-0.842458851114061	0.216550647446955	-3.89035480173489	0.000100097757498635	0.00191379565712987	FALSE
F9Z35_0280	223.526385611561	-0.738865501233394	0.223967811759699	-3.29898075722658	0.000970365628022781	0.0103704716348691	FALSE
F9Z35_0295	236.057099113153	-0.821679566602218	0.236657050826451	-3.47202656220365	0.000516545225015115	0.00633223675842058	FALSE
F9Z35_0302	7596.67866474627	0.884474864457697	0.267323961611638	3.30862545626434	0.000937551691697593	0.0100714315747308	FALSE
F9Z35_0305	3644.65835750829	0.590798625389424	0.206292397908061	2.86388946650728	0.00418474011738961	0.0290699946821332	FALSE
F9Z35_0313	1402.86340731036	0.663019588200592	0.212479371713834	3.12039508989862	0.00180608618970102	0.01594865940397	FALSE
F9Z35_0320	1678.80385315414	1.06209326350913	0.327373362704331	3.24428736270875	0.00117744892948449	0.0118988583949711	TRUE
F9Z35_0324	228.001517903784	-0.803768529492069	0.220427781023133	-3.64640303396111	0.000265936763393084	0.00387560989448383	FALSE
F9Z35_0325	560.842539281797	-0.567943492093216	0.147897959145745	-3.84010364560569	0.000122982377992422	0.00219055791227528	FALSE
F9Z35_0331	9706.36178157146	-0.603830247067548	0.146150518383564	-4.13156418291196	3.60303055882955e-05	0.00087310647495358	FALSE
F9Z35_0333	2316.62293644283	-0.697910735205841	0.157168434501928	-4.44052737063611	8.97386897036678e-06	0.000292211608347568	FALSE
F9Z35_0334	2161.26276392174	-0.430392524980062	0.150755414258253	-2.85490592226938	0.004304957900305	0.0295116192902487	FALSE
F9Z35_0363	1281.40443935656	-0.836355487517091	0.260790883051445	-3.20699664701126	0.00134128559161645	0.012881286511192	FALSE
F9Z35_0364	1704.90976363561	-1.03215013231675	0.285499612920654	-3.61524179230186	0.000300067424514156	0.00416893675125	TRUE
F9Z35_0373	5762.26307958034	-0.427070632571375	0.117922370043257	-3.62162524731069	0.000292758008528504	0.0041223492552257	FALSE
F9Z35_0375	692.692519361654	0.483574848688885	0.131184863219844	3.68620919227925	0.000227619270252878	0.00351376710523702	FALSE
F9Z35_0377	17225.3833902057	-1.10741930415743	0.180622549896027	-6.13112429646738	8.72601950747818e-10	8.65953554932597e-08	TRUE
F9Z35_0380	155.213440068436	-0.94424008931868	0.239291959104492	-3.94597500414277	7.94759050878233e-05	0.00162380182551984	FALSE
F9Z35_0384	5072.72978413148	-0.499187423309106	0.137743318295974	-3.62404092978568	0.000290035676364301	0.00411179829621226	FALSE
F9Z35_0395	767.584534494005	0.560799302634532	0.206206776797898	2.71959685972963	0.00653615491602436	0.0406607368507306	FALSE
F9Z35_0402	469.588983398821	-0.418062232966397	0.145906616430727	-2.86527261883894	0.0041665037571194	0.029040113143267	FALSE
F9Z35_0410	750.770782617728	-0.813068654822566	0.233264981728601	-3.48560100533459	0.000491032806465133	0.00612761897409184	FALSE
F9Z35_0411	2397.13905656352	-0.596031844436238	0.182379967383085	-3.2680773715914	0.00108280760136075	0.0112267215981881	FALSE
F9Z35_0412	403.007337945708	-0.760365505961047	0.24276595216798	-3.132092862161	0.00173564968456545	0.0154576664215145	FALSE
F9Z35_0426	944.01229809901	-0.57747791807813	0.152541038875578	-3.78572168076788	0.000153263135726377	0.00255520299883015	FALSE
F9Z35_0432	11884.8867189048	-0.652703090192843	0.163132688320032	-4.00105642170488	6.30603179999862e-05	0.00137170280160333	FALSE
F9Z35_0436	458.192499743629	-0.504093189271349	0.168417853105533	-2.99311017196898	0.00276150042631723	0.0214737570464369	FALSE
F9Z35_0439	164.654477405618	-0.654530291268126	0.224572922744531	-2.91455569651513	0.0035619524396121	0.0256952236579186	FALSE
F9Z35_0441	53.380692606283	-0.890784528279663	0.336136930342691	-2.65006444656798	0.00804764181018629	0.046847166291699	FALSE
F9Z35_0442	59.5811975122412	-0.598916103315785	0.201205181015689	-2.97664354512364	0.00291422621323311	0.0224935089939918	FALSE
F9Z35_0448	2625.97559830722	-1.75969909522098	0.24378160231962	-7.21834247735338	5.26250480840866e-13	9.97005456429423e-11	TRUE
F9Z35_0458	1014.86023443272	-0.60707678405298	0.22964151899253	-2.64358460402244	0.00820332616813058	0.0472047111260433	FALSE
F9Z35_0460	339.073934137218	-0.814979048067504	0.271034260756341	-3.00692261485041	0.00263906935557266	0.0210721093372161	FALSE
F9Z35_0464	279.577686910921	-0.928220631014967	0.232021606813823	-4.00057841061234	6.31878449874852e-05	0.00137170280160333	FALSE
F9Z35_0465	257.989137056013	-0.684926758755852	0.202471039312079	-3.38283816333921	0.000717408946006097	0.00816983739604757	FALSE
F9Z35_0475	3151.15971656192	0.506145198280066	0.168492455576106	3.00396356946348	0.00266487232240242	0.0211163266915842	FALSE
F9Z35_0478	1397.43118734438	0.553577575720982	0.177826337974672	3.11302353760345	0.00185181248354596	0.0161283689977763	FALSE
F9Z35_0481	6244.08564936802	0.865945003697931	0.146037254411352	5.92961711851123	3.0364187106825e-09	2.36594327011673e-07	FALSE
F9Z35_0499	2542.52521205601	0.762247436552895	0.232372704441382	3.2802795766625	0.00103704264893192	0.0109705425399701	FALSE
F9Z35_0507	2020.33546150347	0.745681467098029	0.214267286979421	3.480146118477	0.000501140384873463	0.00617974297086566	FALSE
F9Z35_0508	3951.96810188356	0.530373085854692	0.172875539646747	3.06794753577315	0.00215534454698268	0.018259097706959	FALSE
F9Z35_0513	605.456507326181	-0.571448813051493	0.215862555682552	-2.64728086464364	0.00811419297253438	0.0469351541474268	FALSE
F9Z35_0514	1395.48166466957	-0.823482508761391	0.176211850482768	-4.67325271544049	2.96466603958757e-06	0.00012114439267648	FALSE
F9Z35_0516	1510.46589985504	-0.668030944562773	0.255065849924434	-2.61905286325349	0.00881742823101736	0.0497981583562064	FALSE
F9Z35_0517	7243.44362515955	-0.642266662812344	0.21416393875298	-2.99894868646931	0.00270912929643992	0.0212249077209805	FALSE
F9Z35_0519	2821.87949138185	-0.448540919344889	0.171195288775941	-2.62005410634831	0.00879158170339049	0.0497871094289831	FALSE
F9Z35_0523	783.497354924561	-0.776923022704452	0.246275897025928	-3.15468558672088	0.00160671153651968	0.0146217766030874	FALSE
F9Z35_0524	13325.7543175631	-0.344543636089553	0.110717608229964	-3.11191364768217	0.00185878861717902	0.0161283689977763	FALSE
F9Z35_0529	4113.98371364431	-0.405661625089474	0.134984293998991	-3.00525055968739	0.00265362152499642	0.021107432282796	FALSE
F9Z35_0536	2732.33254445097	0.592815569355983	0.22001921145359	2.69438093809834	0.00705195162667783	0.0427217069476645	FALSE
F9Z35_0546	3824.11783584989	-1.54570309568995	0.23904363145594	-6.46619651096978	1.00500367817966e-10	1.18598184122268e-08	TRUE
F9Z35_0547	655.337596443599	-0.542558969072576	0.148340171882477	-3.65753229342636	0.000254655183320996	0.00384566233363011	FALSE
F9Z35_0550	114.866021651111	-0.722620775610283	0.261230823504137	-2.7662155863427	0.00567110296239757	0.0367036601665731	FALSE
F9Z35_0551	766.872080123917	-0.656042988943796	0.24438659376856	-2.68444753383274	0.00726497850163929	0.0435063655098169	FALSE
F9Z35_0552	128.90742579843	-0.773843381673152	0.26027735976386	-2.97314903753147	0.0029476128734334	0.0226672517647055	FALSE
F9Z35_0553	416.079566426385	-0.626208176166232	0.201294366728526	-3.1109076043383	0.00186513288314016	0.0161283689977763	FALSE
F9Z35_0562	7092.95122312572	-0.529242472618422	0.108528729920433	-4.87651954469964	1.07973994410147e-06	5.11404100797152e-05	FALSE
F9Z35_0564	3028.08322191254	-0.426614989356046	0.141203239427042	-3.02128330119842	0.00251705735148545	0.020253079229713	FALSE
F9Z35_0576	5209.80834982111	0.922880982324798	0.202078844675823	4.56693516733674	4.94906997162666e-06	0.000177825203808103	FALSE
F9Z35_0580	1533.45756660769	-0.949428265303495	0.232269237120221	-4.0876195103361	4.3582217552545e-05	0.00100917045977226	FALSE
F9Z35_0581	578.123763048205	-1.03740221043599	0.319084367955375	-3.25118468536532	0.00114925176207149	0.0117403954517499	TRUE
F9Z35_0582	486.661363602299	-1.36047326286839	0.27055006202103	-5.02854537421114	4.94214575906214e-07	2.45224565759179e-05	TRUE
F9Z35_0584	8384.02770687439	0.486235006864649	0.143422785710256	3.39022146625255	0.00069836181096381	0.00799662645081637	FALSE
F9Z35_0594	1787.49768052103	0.675719471244205	0.152322984727333	4.43609657763589	9.16047628471343e-06	0.00029369896272835	FALSE
F9Z35_0595	312.085106026676	1.31802409582536	0.300462846475302	4.38664584086507	1.15111991635927e-05	0.00034103907592288	TRUE
F9Z35_0596	2268.25195442529	2.67246187751504	0.374276463445818	7.14034180218207	9.30991233483534e-13	1.49245056198437e-10	TRUE
F9Z35_0633	105.494708711382	0.94871163138019	0.290292183808889	3.2681266816497	0.00108261896020157	0.0112267215981881	FALSE
F9Z35_0635	2755.93650398973	0.645308536446783	0.219007269356653	2.94651651674584	0.00321375255332125	0.0240915838889262	FALSE
F9Z35_0651	299.290974513632	-1.26691256884571	0.414041159062973	-3.05987108072272	0.0022143228507065	0.0186338781802765	TRUE
F9Z35_0659	404.978546587426	0.719501986631154	0.252270263401454	2.85210780267893	0.0043430369085677	0.0296750456310003	FALSE
F9Z35_0672	16.4009382153414	1.28717354218392	0.454683399869778	2.83092266520521	0.0046413941816101	0.031413346698969	TRUE
F9Z35_0674	35.5560370737798	-1.01397128652756	0.379309708405921	-2.67320151331969	0.0075131103848584	0.044521541908335	TRUE
F9Z35_0678	28943.1136938995	0.644593958319925	0.207136965619366	3.11192141099734	0.00185873973768188	0.0161283689977763	FALSE
F9Z35_0679	28912.3835837236	0.357461481936509	0.132196124893424	2.70402390557736	0.00685053605112443	0.0419127153167823	FALSE
F9Z35_0683	9660.16800049094	0.491400142301778	0.171818042932353	2.86000314003838	0.00423636813433187	0.0292427468377871	FALSE
F9Z35_0696	6525.12546804304	-0.410664793293716	0.146695615837976	-2.79943467258961	0.00511921739087874	0.0336544133835688	FALSE
F9Z35_0697	1326.56098220161	-0.509681886981187	0.177550709932027	-2.87062714182507	0.00409658416335836	0.0287450552068647	FALSE
F9Z35_0706	4286.16232736936	-0.665353317630564	0.22838012134061	-2.91335915632624	0.00357563093128426	0.0256952236579186	FALSE
F9Z35_0707	9519.9777627057	-0.637326776009665	0.228289707714167	-2.79174555169889	0.00524245633873019	0.0342698283715728	FALSE
F9Z35_0708	3539.0103959592	-0.667845591648465	0.186773387615874	-3.5756999440519	0.000349292096979111	0.00460711854496498	FALSE
F9Z35_0716	2313.03605394043	-0.974486400995146	0.307957524759476	-3.16435327162812	0.00155428010412216	0.0142692499426898	FALSE
F9Z35_0717	2773.21872683155	-1.14413298004165	0.353281565360212	-3.23858670314448	0.00120123503625779	0.0119208276931487	TRUE
F9Z35_0718	6285.06235823088	-1.3265013671759	0.305766013701468	-4.3382891091062	1.43596182044999e-05	0.000393966049985001	TRUE
F9Z35_0719	1124.85937409963	-0.534225333238464	0.160000686785294	-3.33889400084479	0.000841126537345687	0.00917752724517493	FALSE
F9Z35_0728	15014.9360993164	0.615956509467475	0.173174097235454	3.55686282937566	0.000375309998355911	0.00488841272858574	FALSE
F9Z35_0731	1641.47309922145	-0.44747484291537	0.165292862794874	-2.7071637295718	0.00678607802106337	0.0417173645896639	FALSE
F9Z35_0736	265.073861916827	-0.761017617682313	0.235441240386339	-3.23230380724103	0.00122796426042334	0.0121283294726173	FALSE
F9Z35_0743	3263.62315022994	-0.600386396576226	0.19714271888025	-3.04544037936759	0.00232339838063709	0.0191381906136273	FALSE
F9Z35_0752	3247.84278965113	0.60758872334853	0.152580975290348	3.98207392626993	6.83165220463737e-05	0.00143809729237013	FALSE
F9Z35_0753	3460.93158406902	0.406689383426823	0.125397008401735	3.2432144004896	0.00118189236456766	0.0118988583949711	FALSE
F9Z35_0756	29.6563487031077	1.05731934486699	0.388143918507169	2.72403944633094	0.00644888036209978	0.0403587587826304	TRUE
F9Z35_0757	173.251598704951	1.17758544572185	0.303224525261958	3.88354287867885	0.000102945367447021	0.00195034677963265	TRUE
F9Z35_0758	99.2971301814259	0.916337909682343	0.251447161213962	3.64425633305365	0.000268166055818613	0.00388095875226382	FALSE
F9Z35_0760	1784.07761919475	0.485623724079809	0.134805117812666	3.60241311279194	0.000315276796775794	0.00429435846065853	FALSE
F9Z35_0763	4855.34734070874	0.67503994009077	0.152909836722119	4.41462730300021	1.01184159118276e-05	0.000314728041197741	FALSE
F9Z35_0766	4312.2857835365	4.12620196582245	0.289281560059636	14.2636190325157	3.6882075852596e-46	7.68622460768101e-43	TRUE
F9Z35_0771	1112.17847442966	0.665416811467313	0.171512834729738	3.879691059365	0.000104589220750138	0.00196363906345305	FALSE
F9Z35_0784	2073.18950630163	0.67480229054122	0.252786086367468	2.66945978015688	0.00759733714694981	0.0448522680290181	FALSE
F9Z35_0801	75.4006334855688	1.04775292056541	0.379183365458276	2.76318271319499	0.00572407139802833	0.0369317795464119	TRUE
F9Z35_0802	124.290802964855	1.10066404129507	0.303002050182868	3.63253001301738	0.000280655920519144	0.00400607492028695	TRUE
F9Z35_0803	219.041341328978	0.962893975142175	0.252602720371154	3.81189075765842	0.00013790782759557	0.00241512531688376	FALSE
F9Z35_0804	357.339173059967	1.1157275887707	0.310218272824593	3.59658887470361	0.000322417457526062	0.00433495471925364	TRUE
F9Z35_0805	500.545052343431	1.25902628138964	0.303834310172823	4.1437923211289	3.41609132839253e-05	0.000840998175448588	TRUE
F9Z35_0806	1345.02070042213	2.94687258073039	0.74424036455609	3.95957102177343	7.50845131593676e-05	0.00156476125424122	TRUE
F9Z35_0809	5398.91782655879	2.25711322077682	0.255946734362803	8.81868341237508	1.15813378463495e-18	3.44792972454178e-16	TRUE
F9Z35_0816	1259.79084562124	0.500038513123989	0.155825235285934	3.20897005036723	0.00133211367296931	0.0128524300669816	FALSE
F9Z35_0818	651.560890064402	0.664784906741559	0.222272646252043	2.99085343136526	0.00278198986617575	0.02155266498554	FALSE
F9Z35_0821	435.68372203574	0.962257183530688	0.298289888165037	3.22591285091868	0.00125571586290841	0.0122498601640071	FALSE
F9Z35_0823	1527.33217366598	1.73075577611209	0.295882029527224	5.84947919573752	4.93114552615806e-09	3.67018117018336e-07	TRUE
F9Z35_0826	785.09354210619	0.740985438937656	0.270303238535422	2.74131173178879	0.0061194418914737	0.0388808442129	FALSE
F9Z35_0827	108.22164646924	0.888543927455008	0.330873887836678	2.68544590588424	0.00724330987440417	0.0435016074301391	FALSE
F9Z35_0828	1078.15266109514	0.796727782785433	0.204662995361947	3.8928765865877	9.90625537721431e-05	0.00191154038945506	FALSE
F9Z35_0838	127.967443234759	0.989534277463983	0.311167312056308	3.18007142499891	0.00147238756105375	0.0136984628448036	FALSE
F9Z35_0844	1142.44569045778	0.95054719280847	0.163534744712256	5.81250910612902	6.15433348641106e-09	4.42263137437263e-07	FALSE
F9Z35_0849	12476.1775591936	0.685425317039758	0.204309180876663	3.3548434490251	0.000794099102423006	0.00884974614678901	FALSE
F9Z35_0908	27.5783278012774	1.20820137860562	0.331023447621849	3.6498966683044	0.000262345823160147	0.00387560989448383	TRUE
F9Z35_0909	23.338571070897	1.76908647810617	0.418263068632379	4.22960239805696	2.34104701870717e-05	0.000602313825553794	TRUE
F9Z35_0911	145.777253738964	2.99271009726064	0.431665225913579	6.93294228398141	4.12176402223066e-12	5.72650414821913e-10	TRUE
F9Z35_0940	4578.43985558189	-1.01277736444716	0.32470378570405	-3.11908086396705	0.00181416165007355	0.0159523750158366	TRUE
F9Z35_0944	797.895123914711	0.857355527827796	0.299807526414556	2.85968647312174	0.00424060025413818	0.0292427468377871	FALSE
F9Z35_0951	3955.41015694641	-0.435051144147901	0.0993686326162922	-4.3781536757966	1.19688946427521e-05	0.000344450514008358	FALSE
F9Z35_0956	65.9863110820306	-0.927331314401114	0.314083686324529	-2.95249755010498	0.00315214571425202	0.0237150601750946	FALSE
F9Z35_0965	1290.22736807163	-0.456090619599004	0.152169957849218	-2.9972448310128	0.00272431821931698	0.0212639669253056	FALSE
F9Z35_0967	638.509288508057	-0.511894743907351	0.156192560879467	-3.27733114192537	0.00104793389766307	0.0109800548731519	FALSE
F9Z35_0977	706.850396240716	-0.488795435814028	0.178783043648878	-2.73401451187956	0.00625672868118571	0.0393928174368309	FALSE
F9Z35_0992	13985.890089839	1.65890868002032	0.305304869641735	5.4336135613133	5.52241102253403e-08	3.59647017842529e-06	TRUE
F9Z35_1020	911.621347168367	-0.458449470974618	0.148065870890872	-3.0962534999879	0.00195982734302758	0.0168077373780636	FALSE
F9Z35_1022	14097.5716856637	0.865394525966892	0.18573521639939	4.65929155893635	3.17299513562152e-06	0.000127163881973755	FALSE
F9Z35_1026	5517.69914576403	-0.452755892474906	0.139697533019485	-3.24097271217922	0.00119122586286207	0.0119101789424814	FALSE
F9Z35_1034	772.470265271239	-0.61068781069266	0.138187380418994	-4.41927337243829	9.90333112881296e-06	0.000312705182915852	FALSE
F9Z35_1041	1321.00913837797	2.35738060007699	0.328950241531655	7.16637443128352	7.70099682288093e-13	1.33740644824032e-10	TRUE
F9Z35_1042	176.574363102242	0.682517079457897	0.237341333822154	2.87567727233439	0.00403161687288368	0.0283847620374648	FALSE
F9Z35_1043	1391.53682257365	1.24812638447966	0.246421687480321	5.06500218078141	4.08395675489153e-07	2.12774146929849e-05	TRUE
F9Z35_1048	43.4406849605698	-1.48421977686947	0.348865790839013	-4.25441478025106	2.095964641687e-05	0.000552910166237432	TRUE
F9Z35_1050	2181.94670993054	-0.634058724017964	0.226120367238502	-2.80407612883976	0.00504609887892227	0.0333843494084889	FALSE
F9Z35_1059	1086.12228432916	0.651380932379211	0.227846633071051	2.85885695829478	0.00425170455463028	0.0292427468377871	FALSE
F9Z35_1060	28217.1476797297	0.931127939133022	0.186387757789822	4.99564966162101	5.86380277958073e-07	2.84189883549913e-05	FALSE
F9Z35_1061	305.535239352041	-0.459466165008899	0.157617401984144	-2.91507256955751	0.00355605843719696	0.0256952236579186	FALSE
F9Z35_1074	6301.99627560835	-0.992453114020214	0.207355063238721	-4.78624972315066	1.69926605337535e-06	7.37764678173796e-05	FALSE
F9Z35_1085	535.525953777386	0.730343940091331	0.169106543410118	4.31883903108408	1.56852127964701e-05	0.000424519265816153	FALSE
F9Z35_1086	1358.33799514802	0.636311949751572	0.230591447844883	2.75947766362789	0.0057893844666315	0.0372378926804322	FALSE
F9Z35_1087	1914.0027050952	0.656008835244621	0.135190801199876	4.85246650972008	1.21935379897356e-06	5.62232015205951e-05	FALSE
F9Z35_1088	1157.90230072407	0.439885880963603	0.119815743346998	3.67135293472786	0.000241269894949444	0.00369710633143118	FALSE
F9Z35_1089	12121.8528759361	0.556994395777047	0.202518140587387	2.75034322437255	0.00595328715067114	0.0379408269785891	FALSE
F9Z35_1092	36386.8477325992	1.60403900600074	0.542029548865256	2.95932022407046	0.00308318536224154	0.023450212755151	TRUE
F9Z35_1099	984.131246765302	-0.416796069668363	0.130683357525505	-3.18935844288374	0.00142588954368931	0.0133853775182366	FALSE
F9Z35_1103	469.198450884571	1.0343570482862	0.391386554478754	2.64280169170286	0.00822231772492981	0.0472047111260433	TRUE
F9Z35_1117	2168.18417855058	-0.450857197090802	0.146318841682958	-3.08133383168598	0.00206075463186666	0.0176008715279103	FALSE
F9Z35_1125	983.41552152926	0.81888238719731	0.237639971086046	3.4458949959256	0.000569171474977542	0.00685637776793756	FALSE
F9Z35_1128	652.048592004843	-0.652867956811265	0.195305760795675	-3.34279928124743	0.000829378668718063	0.00909697445057075	FALSE
F9Z35_1131	624.519687614086	-0.821601066693099	0.303054878697567	-2.71106365363289	0.00670677497592612	0.0413518315083729	FALSE
F9Z35_1154	2758.86013969404	-0.564296264315433	0.138538937272549	-4.07319613839167	4.63723400760758e-05	0.0010619775463576	FALSE
F9Z35_1156	1574.49217970945	-0.512260867587688	0.189786850988112	-2.69913782182821	0.00695193794046221	0.0422385966994847	FALSE
F9Z35_1162	222.078896105142	-0.584530112457229	0.220796503029066	-2.64737033620628	0.00811204620535946	0.0469351541474268	FALSE
F9Z35_1171	22472.8218022893	-0.502696993837118	0.137073841781651	-3.66734445685035	0.000245082542843019	0.00372811692908651	FALSE
F9Z35_1194	9285.79869395464	0.865450632437699	0.237279184498359	3.64739382541028	0.000264913722827658	0.00387560989448383	FALSE
F9Z35_1201	162.417243938332	-0.852009153288753	0.32394534179136	-2.63010157385593	0.0085359360074092	0.0488705786797824	FALSE
F9Z35_1207	669.613639339077	0.620594261213806	0.189368133525272	3.27718423190239	0.00104847932809848	0.0109800548731519	FALSE
F9Z35_1208	529.882257829216	0.453092369463835	0.160736765307046	2.81884712933173	0.00481964658996219	0.0322962813295216	FALSE
F9Z35_1219	726.268702062141	-0.831290288822294	0.260573345563513	-3.19023531368703	0.00142156992754078	0.0133853775182366	FALSE
F9Z35_1220	323.385154555899	-0.912780098987274	0.254158560898623	-3.59138049790641	0.000328930994906376	0.00436619231455343	FALSE
F9Z35_1248	12719.4798153113	-1.04485215130491	0.274523685961987	-3.806054649323	0.000141201195639301	0.00244593871499271	TRUE
F9Z35_1258	1429.29751372222	-0.411749296563853	0.151739525953785	-2.71352697311878	0.00665711484458723	0.0411674401665275	FALSE
F9Z35_1289	3856.69315063832	-0.591393022174251	0.211851561985194	-2.79154430881932	0.00524571749065822	0.0342698283715728	FALSE
F9Z35_1290	7860.21887392797	-0.43842646146062	0.160308735621062	-2.73488815043101	0.00624014758030629	0.0393928174368309	FALSE
F9Z35_1293	59.7710772211804	-1.11158151310309	0.383027770640028	-2.90209117538833	0.00370680637635572	0.0263975351613736	TRUE
F9Z35_1294	208.706442663826	-0.679152389765859	0.232770144841103	-2.91769543825936	0.00352628588530209	0.0256950342131803	FALSE
F9Z35_1305	34.2543984947138	-1.31471222067656	0.317344936710564	-4.14284921103264	3.43017489986228e-05	0.000840998175448588	TRUE
F9Z35_1321	88.5679726813964	-1.4239439957125	0.326473051044489	-4.3615973543815	1.29116321181058e-05	0.000363619477488277	TRUE
F9Z35_1322	122.007846697556	-1.26571666296556	0.327489746830208	-3.8649047037854	0.000111132580812538	0.0020315815650292	TRUE
F9Z35_1323	215.926655031094	-0.913324341958549	0.291506451129907	-3.13311879863522	0.00172959422363894	0.0154576664215145	FALSE
F9Z35_1326	1312.9283469662	-0.48388456099786	0.158444369149687	-3.05397133135554	0.00225833660878086	0.0187553249432498	FALSE
F9Z35_1335	10.4541290226714	-1.57141998420166	0.445250212482056	-3.52929642737675	0.000416666133600276	0.00526616389965746	TRUE
F9Z35_1341	1502.61227950325	-0.517960803879582	0.183118311261846	-2.8285582163268	0.00467581959455428	0.0315353010843078	FALSE
F9Z35_1342	101.083443202115	0.835805289418716	0.312696510585773	2.67289611851762	0.00751995333576483	0.044521541908335	FALSE
F9Z35_1343	192.082992839872	0.797099345854684	0.254103113459664	3.1369129445209	0.00170736814558435	0.0153368759284387	FALSE
F9Z35_1346	27.0839659703244	1.28123304931435	0.362833856851627	3.53118383282043	0.000413704114854848	0.00526616389965746	TRUE
F9Z35_1348	358.454807293609	0.972558195385958	0.304007175496349	3.19912907910174	0.00137843437184437	0.0131773267473563	FALSE
F9Z35_1351	116.990065707377	0.910401541003787	0.34343457098268	2.65087331889398	0.00802839477081549	0.046847166291699	FALSE
F9Z35_1353	213.933515572448	1.05163375356284	0.329468125277758	3.19191348989	0.00141333656341203	0.0133853775182366	TRUE
F9Z35_1365	228.08849639983	0.772700777564429	0.22696720524233	3.40446002645812	0.000662950025285219	0.00771836789214746	FALSE
F9Z35_1379	65.5711203262952	0.854002722478366	0.322678043709259	2.64660933437369	0.00813032180768765	0.0469351541474268	FALSE
F9Z35_1387	415.916392248818	-0.732262930844061	0.265996181477355	-2.75290768001646	0.00590685506861418	0.0378248657670591	FALSE
F9Z35_1401	24.5840579109159	1.59635659294607	0.392589737502506	4.06622089283696	4.77816487842283e-05	0.0010823582181123	TRUE
F9Z35_1408	39.8512302634409	1.22966192721738	0.38251080662165	3.2147116001187	0.0013057563764521	0.0126567269233775	TRUE
F9Z35_1417	427.313140506023	0.826429419693049	0.243632094732389	3.39212048642778	0.000693539355336326	0.00798528185923151	FALSE
F9Z35_1418	94.3155533171997	0.97776923405844	0.358207101655915	2.72961990295117	0.00634073861450809	0.0398015038332375	FALSE
F9Z35_1430	301.424632680789	0.483927708310734	0.165461756828446	2.92471032331949	0.00344777003134303	0.0253892323156144	FALSE
F9Z35_1432	8681.06352189136	0.802384023572971	0.236101975791218	3.39846382430322	0.000677654244012049	0.0078457302473395	FALSE
F9Z35_1444	1365.09195047862	0.76340055203195	0.266120447199663	2.86862794672516	0.00412256420617334	0.0288302812270645	FALSE
F9Z35_1452	893.517348611347	0.706109213765508	0.193963711417947	3.64041917224405	0.000272194547447401	0.00391209266814058	FALSE
F9Z35_1453	96765.1341411475	0.558526088104939	0.155204323240887	3.59865032392218	0.000319872937875085	0.00432867014630959	FALSE
F9Z35_1463	774.722326737101	0.644650834958514	0.176513119774372	3.65214118804618	0.000260062827463915	0.00387122094596285	FALSE
F9Z35_1464	68.530325518969	-0.679617784493865	0.181025946997506	-3.7542562034117	0.00017385696715525	0.00272419488384617	FALSE
F9Z35_1466	1601.57082943794	1.17008272783713	0.256791475870112	4.55654816372865	5.20011193630089e-06	0.000183678530089001	TRUE
F9Z35_1467	3328.08408689719	1.20254394845826	0.310851395524092	3.86854929967673	0.000109484801866572	0.00201917103619413	TRUE
F9Z35_1468	2443.35659440515	0.783390474266872	0.170016636469505	4.6077283407932	4.07092043003272e-06	0.000154860630302597	FALSE
F9Z35_1469	1741.44632174113	0.576221839549962	0.211730697360863	2.7214846346436	0.00649894062928718	0.0405502762617799	FALSE
F9Z35_1473	1131.6818454014	-0.861150363105374	0.281984364524594	-3.05389401485864	0.00225891869518028	0.0187553249432498	FALSE
F9Z35_1474	8720.25113012496	0.909704888135458	0.242948143496897	3.74444058325177	0.000180796154482207	0.00281178496970835	FALSE
F9Z35_1492	2688.77940663607	-0.379773399949983	0.134155955032083	-2.83083520115944	0.00464266352364801	0.031413346698969	FALSE
F9Z35_1495	2804.90294461237	-0.387062815216047	0.141274694944514	-2.73978871706689	0.00614786915106345	0.0389427334675265	FALSE
F9Z35_1503	102.033784330128	-0.598829180957245	0.221488490510597	-2.70365823333197	0.00685807865788041	0.0419127153167823	FALSE
F9Z35_1505	105.0549497664	-0.609594776097818	0.179036289209561	-3.40486712939123	0.00066196253859301	0.00771836789214746	FALSE
F9Z35_1516	1061.68406166772	-0.737549781799562	0.19584015156606	-3.76608052997127	0.000165830324215075	0.00262783715546738	FALSE
F9Z35_1523	526.37124692687	-0.761103780750199	0.166237456014198	-4.578413307078	4.68516264953798e-06	0.000174354981457806	FALSE
F9Z35_1526	5663.09823336792	-0.509787548616845	0.160935340560727	-3.16765445576251	0.00153674054196733	0.014170651723274	FALSE
F9Z35_1528	3630.1502405742	-0.649685468511428	0.180829036106547	-3.59281607920879	0.000327123485738642	0.00436619231455343	FALSE
F9Z35_1536	7119.61171708157	1.95154898661664	0.312761029612018	6.23974473110525	4.38285540450307e-10	4.80730034893916e-08	TRUE
F9Z35_1537	9213.24476609818	2.33287590375567	0.289174466619987	8.06736476779389	7.18316980025921e-16	1.66330287374891e-13	TRUE
F9Z35_1538	79.7950681474151	-0.981664122263754	0.258018095427065	-3.80463285196694	0.000142014675870498	0.00244593871499271	FALSE
F9Z35_1539	16121.9061641952	1.73169371763817	0.25185307917621	6.87580919519583	6.16389570928613e-12	8.02847416134518e-10	TRUE
F9Z35_1545	8406.14247420699	0.372903491712022	0.142037631029008	2.62538518145142	0.00865509944265391	0.0493415325472313	FALSE
F9Z35_1546	3608.70243048248	0.420770059161228	0.130357064183387	3.22782705944717	0.00124734359549283	0.0122498601640071	FALSE
F9Z35_1547	3560.22620501369	0.46176666906578	0.141720617253044	3.25828858225539	0.0011208635976728	0.0115067967367001	FALSE
F9Z35_1560	693.543123540566	-0.419751993667722	0.14953119236179	-2.80711995295359	0.00499866242266373	0.0331758359516918	FALSE
F9Z35_1561	348.941549379649	-0.749245051760229	0.193342900284694	-3.87521367816961	0.000106531176403694	0.00198224081808302	FALSE
F9Z35_1564	8016.79891983736	0.758474059513699	0.257812534008356	2.94195960033935	0.0032614247265313	0.0241879328472997	FALSE
F9Z35_1565	1772.05976431626	0.948875373021987	0.177038318779424	5.35971748694818	8.33521948002361e-08	5.26381739283915e-06	FALSE
F9Z35_1566	291.665332735553	0.85306722638283	0.270929520712219	3.14866842173673	0.00164016179950866	0.0148612921312002	FALSE
F9Z35_1572	619.109407766943	-1.75683086078005	0.296358311733494	-5.9280633990111	3.06528158796313e-09	2.36594327011673e-07	TRUE
F9Z35_1575	5294.06496948098	-0.514068127263728	0.121940348559189	-4.2157344417808	2.48966595597126e-05	0.000632739494176111	FALSE
F9Z35_1580	6211.91922863471	1.70970575209141	0.222424685480988	7.68667267481672	1.51010828824233e-14	3.14706567269701e-12	TRUE
F9Z35_1590	1861.15603416873	-0.432862836907196	0.142508537842507	-3.03745195523354	0.00238587434920243	0.0194280740350824	FALSE
F9Z35_1598	57769.7033375621	-0.836795787795074	0.239556363140457	-3.49310607668744	0.000477436814244223	0.00599384530653591	FALSE
F9Z35_1601	536.835174711505	1.41777389871633	0.322514204401957	4.39600451504247	1.10261641158794e-05	0.000333022116195547	TRUE
F9Z35_1625	499.985493484012	-0.500481765205532	0.190996602235395	-2.62036999270129	0.00878344133377785	0.0497871094289831	FALSE
F9Z35_1626	309.408911128407	-0.685493877158915	0.135177821055211	-5.07105286805103	3.95620840359254e-07	2.11403546489407e-05	FALSE
F9Z35_1629	66.576346693717	-0.845485661587109	0.28192375238887	-2.99898697581498	0.00270878885893236	0.0212249077209805	FALSE
F9Z35_1643	1442.5642976868	-0.701898282917514	0.160081931325045	-4.38461903293955	1.16188936614801e-05	0.00034103907592288	FALSE
F9Z35_1652	6260.98161855115	1.3366600268393	0.326616476750808	4.09244518260819	4.26848170756826e-05	0.000999496166131713	TRUE
F9Z35_1653	4329.83705112472	1.68639611340675	0.276425047983257	6.10073553648759	1.0558147364567e-09	1.00014450489807e-07	TRUE
F9Z35_1654	2554.0933891733	1.60278341446291	0.247981764452589	6.46331159874194	1.02436051545145e-10	1.18598184122268e-08	TRUE
F9Z35_1658	14577.2650822719	0.591824129602651	0.182137288003628	3.24932986589139	0.00115677251676525	0.0117595801216526	FALSE
F9Z35_1669	2232.69557800301	-0.988972823652643	0.251048738191528	-3.93936584097923	8.16972712874267e-05	0.0016529816831359	FALSE
F9Z35_1673	30847.917023865	1.53459158245246	0.272687138367626	5.62766396552076	1.82666499409002e-08	1.2689232825612e-06	TRUE
F9Z35_1681	613.20400914453	-0.692547995420705	0.173714584413404	-3.98670035540935	6.69985528361504e-05	0.00142474473582181	FALSE
F9Z35_1682	243.524125157024	-1.46801092872032	0.318528060218158	-4.60873345888235	4.05129298035387e-06	0.000154860630302597	TRUE
F9Z35_1683	316.542289325179	-1.4467939246883	0.24301254496135	-5.95357710820406	2.62344164542737e-09	2.18690095562825e-07	TRUE
F9Z35_1687	1931.78219976564	-0.634793246315295	0.219919161005869	-2.88648448553491	0.00389571953407704	0.0276145561531175	FALSE
F9Z35_1710	918.807842044303	-0.566504759478663	0.150256534949629	-3.77025038989868	0.000163083843184908	0.00262783715546738	FALSE
F9Z35_1711	875.276838847338	-0.561686871793533	0.148207597972969	-3.78986556341042	0.000150728838426981	0.00255520299883015	FALSE
F9Z35_1714	2091.14050527823	-0.385732986198749	0.11959174900604	-3.22541470799351	0.00125790310705255	0.0122498601640071	FALSE
F9Z35_1715	2632.13680855438	1.33287297250712	0.291435958282204	4.5734678052887	4.79717419742117e-06	0.000175391421533784	TRUE
F9Z35_1717	1201.36047176474	0.904059782717362	0.269944780238099	3.34905450633257	0.000810878417957635	0.00894111440753287	FALSE
F9Z35_1718	434.892520368463	0.825198062622358	0.309898891164607	2.66279772580419	0.00774939816226018	0.0453644544105343	FALSE
F9Z35_1745	21700.6149530421	-1.30149790315581	0.249213010690788	-5.22243160398495	1.76588789863608e-07	1.05146010878788e-05	TRUE
F9Z35_1746	458.142541370517	1.06279484766282	0.340189981676036	3.12412153475737	0.00178336778985812	0.015815057336444	TRUE
F9Z35_1760	2780.50277604727	1.20524919414828	0.356985196664049	3.37618815965223	0.000734976363946292	0.00832440620904388	TRUE
F9Z35_1761	2789.35011147121	-0.521611310049068	0.186232863307229	-2.80085534199495	0.00509673602813553	0.0336126515273242	FALSE
F9Z35_1778	3553.36736268522	0.682935463064047	0.210769354297237	3.24020285273987	0.00119444692849261	0.0119101789424814	FALSE
F9Z35_1783	1252.8563153707	-0.400124922637822	0.147357996259177	-2.71532548484217	0.00662106619473716	0.0410663748506912	FALSE
F9Z35_1808	13719.4611500727	0.730499384229329	0.171367578667288	4.26276306119492	2.01914581750707e-05	0.000539474344062146	FALSE
F9Z35_1818	1274.66995061065	-0.560397766390319	0.202449455100436	-2.7680873041239	0.00563863486637171	0.0366072120296531	FALSE
F9Z35_1819	3804.36745363291	-0.659171102928175	0.162705323415247	-4.05131859912093	5.09298030016335e-05	0.00112912456867451	FALSE
F9Z35_1820	968.709143988472	-1.16004220041193	0.227968638907773	-5.08860431842662	3.60708342067685e-07	1.97820048649751e-05	TRUE
F9Z35_1826	2271.98866415051	-0.446816393546632	0.0838805986226881	-5.32681455406038	9.99501167656869e-08	6.12635421587328e-06	FALSE
F9Z35_1835	615.461191738154	1.9772815419792	0.234163864195246	8.44400799745316	3.06638205529565e-17	7.98792525404518e-15	TRUE
F9Z35_1836	969.05126629408	0.414307022941679	0.154948803062951	2.67383170926051	0.00749900729373642	0.044521541908335	FALSE
F9Z35_1837	1718.46629976303	0.441491854889762	0.152149042814842	2.9017064236614	0.00371136170934859	0.0263975351613736	FALSE
F9Z35_1842	1339.91132894022	-0.423844090212676	0.142687759836736	-2.97043061505514	0.00297382574816475	0.0227012925244518	FALSE
F9Z35_1846	653.244282817734	0.767784479866787	0.203830397080319	3.76678106339675	0.000165365896557247	0.00262783715546738	FALSE
F9Z35_1851	762.552453360974	-0.876686198970774	0.318522898134386	-2.75234905906481	0.00591694157392575	0.0378248657670591	FALSE
F9Z35_1852	2976.09220662355	-0.759024659071581	0.248719974424107	-3.05172377421254	0.00227531379574253	0.0188164839298708	FALSE
F9Z35_1857	4334.61410916362	1.52220646365929	0.361398642533181	4.21198721995625	2.53133869121e-05	0.000635579497889355	TRUE
F9Z35_1894	1557.05557789793	0.707565444979577	0.213359018284211	3.31631374511221	0.000912133648044682	0.00984915296645139	FALSE
F9Z35_1898	3400.10817917056	3.60444019173031	0.309849829462042	11.6328616284485	2.80532611010897e-31	2.92314980673355e-28	TRUE
F9Z35_1899	21008.9549048266	3.02202214575617	0.326600646387034	9.25295825096123	2.18363734025767e-20	7.5845003618283e-18	TRUE
F9Z35_1900	1787.08014333376	2.6673722215582	0.242144021799341	11.0156435072702	3.21232883189376e-28	2.23149776188887e-25	TRUE
F9Z35_1901	710.934840372868	2.48836064910239	0.256912278250739	9.68564315432917	3.47017440179854e-22	1.44636869066963e-19	TRUE
F9Z35_1902	485.327732757909	1.63665842818044	0.2938947662045	5.56885870856784	2.56413299846707e-08	1.72375908671141e-06	TRUE
F9Z35_1906	8832.41716883095	-0.600065376426067	0.15168827980769	-3.95591127532613	7.62434562703652e-05	0.00157318181056872	FALSE
F9Z35_1908	5174.21866915379	-0.656400033195736	0.173895671503298	-3.77467723906681	0.000160214964656267	0.00260849989330985	FALSE
F9Z35_1909	11792.1492459606	-0.445361741809092	0.152354845150858	-2.92318725648735	0.00346468082926005	0.0254239255217533	FALSE
F9Z35_1911	5579.81740712087	-0.470264837398219	0.159743181302591	-2.9438805059693	0.00324125117045565	0.0241879328472997	FALSE
F9Z35_1917	420.207340745737	0.494628019252117	0.164809647982379	3.00120791050413	0.00268910888878274	0.0212249077209805	FALSE
F9Z35_1940	919.298913539594	0.458930364472133	0.164775380788057	2.78518770387449	0.0053496744811978	0.0348397550588007	FALSE
F9Z35_1954	10019.5915430177	0.944949646174584	0.217822090168986	4.33817178708319	1.43672839725816e-05	0.000393966049985001	FALSE
F9Z35_1969	52.0188450961494	-0.708833164974846	0.252497722224732	-2.807285383525	0.00499609586173278	0.0331758359516918	FALSE
F9Z35_1976	7665.41573868299	-0.405373623567694	0.116882678060016	-3.46820957815107	0.000523938505274058	0.00638530903503589	FALSE
F9Z35_1978	2027.71157026659	-0.527852312799149	0.144503014241326	-3.65288098362858	0.000259314441005854	0.00387122094596285	FALSE
F9Z35_2046	7105.92191041447	0.688980354315101	0.178932687502333	3.85050022962472	0.000117876819678914	0.00212580592291046	FALSE
F9Z35_2050	1172.31151750846	-0.487360454670772	0.18278280740481	-2.66633641090441	0.00766829163064383	0.0451110976981776	FALSE
F9Z35_2054	2961.45162348532	0.638217706671036	0.176431068612093	3.6173770962882	0.000297603566939981	0.00416245525840886	FALSE
F9Z35_2057	1331.01233624972	0.832707701931485	0.240329114850657	3.46486401553527	0.000530499651109792	0.0064276818192605	FALSE
F9Z35_2058	2306.46561979729	0.438453138152215	0.162852546047695	2.6923321052887	0.00709542508566248	0.0428604808073061	FALSE
F9Z35_2081	1427.03277040812	0.660538645852088	0.206852064241306	3.19329008523467	0.00140661564459155	0.0133853287823233	FALSE
F9Z35_2083	3605.62348893308	0.733035389038143	0.2384933735109	3.07360904098512	0.00211486384640726	0.0179892908404601	FALSE
F9Z35_2092	709.624960100697	-1.44519407021217	0.313701545675563	-4.6069077125518	4.08701279589388e-06	0.000154860630302597	TRUE
F9Z35_2097	3935.78899997683	1.05229101737766	0.263880213485022	3.98776021695687	6.67000272905315e-05	0.00142474473582181	TRUE
F9Z35_2099	11701.550386477	0.686209097115032	0.206133859706362	3.32894895623911	0.000871743794055825	0.00946205243131426	FALSE
F9Z35_2102	217.946112413506	-1.26625936732915	0.397557980512343	-3.18509356974118	0.0014470721099319	0.0135233106596326	TRUE
F9Z35_2123	604.572857335691	-0.749820996949418	0.223812080171283	-3.35022576250389	0.000807457199304159	0.00894111440753287	FALSE
F9Z35_2126	2598.13799714167	-0.70590591050033	0.197592981978833	-3.57252521537405	0.000353555427544415	0.00463402208177711	FALSE
F9Z35_2128	2752.89390267021	-0.576419583116783	0.185727281675301	-3.10358057210202	0.00191194166956225	0.0164648199973873	FALSE
F9Z35_2129	1976.94175495747	-0.557914237976291	0.191005720985671	-2.92092946272612	0.00348988831802715	0.025519042999188	FALSE
F9Z35_2138	518.009770574955	-0.755224550619065	0.265094956811525	-2.84888313117178	0.00438729932355828	0.0298795156545603	FALSE
F9Z35_2139	989.492386627455	-0.498985208154521	0.148233178588576	-3.36621809574403	0.000762064303258794	0.00853839789242649	FALSE
F9Z35_2146	1016.08135661154	-0.605714068226289	0.160873652635052	-3.76515394724314	0.00016644649929064	0.00262783715546738	FALSE
F9Z35_2147	2959.04756903998	-0.617347016754183	0.180090854832523	-3.42797538125015	0.000608100602405565	0.00728322790467355	FALSE
F9Z35_2148	3536.60656554612	0.76506819751704	0.161718668582115	4.73085886882977	2.23571917512757e-06	9.50865053258336e-05	FALSE
F9Z35_2179	22.6774502960565	-2.05701247089551	0.428087327899263	-4.80512348027168	1.54656026087018e-06	6.85751400777329e-05	TRUE
F9Z35_2187	2842.03018000064	-0.760874806717707	0.251623964311483	-3.0238566855096	0.00249574635142583	0.0201594395208195	FALSE
F9Z35_2188	2896.85857767735	0.914896935252262	0.30986537674271	2.95256264145938	0.00315148121172575	0.0237150601750946	FALSE
F9Z35_2190	2816.2315342762	0.624629230348729	0.163825923515286	3.81276184468112	0.000137422516400717	0.00241512531688376	FALSE
F9Z35_2191	778.167312935442	-0.964468564927018	0.331532836254073	-2.90911927706578	0.00362448547704408	0.0259567963373192	FALSE
F9Z35_2209	10031.9554128571	0.456166508402794	0.155278814160304	2.93772534823627	0.00330629786944187	0.024433775744386	FALSE
F9Z35_2215	892.834218416283	-1.09284205874374	0.216735845404509	-5.04227649424621	4.60025927006026e-07	2.33827812653795e-05	TRUE
F9Z35_2216	1475.00234320423	-0.818233130883565	0.209822811428179	-3.89963858225987	9.63363845035398e-05	0.0018763086477138	FALSE
F9Z35_2222	2723.28384096417	-0.652091827606933	0.197874042069741	-3.29548949819857	0.000982503756600674	0.0104466215752847	FALSE
F9Z35_2224	1954.75609752289	-0.762208463748977	0.249132834106924	-3.0594460440403	0.00221746726905402	0.0186338781802765	FALSE
F9Z35_2229	110.427071896117	-0.79098711352965	0.23222147608759	-3.40617554782618	0.000658798035651737	0.00771836789214746	FALSE
F9Z35_2230	27.1439734247344	-1.09963492139681	0.311589139088673	-3.52911826327771	0.000416946757890346	0.00526616389965746	TRUE
