ID	baseMean	log2FoldChange	lfcSE	stat	pvalue	padj	Significant
F9Z35_0001	1275.4159084037	0.459237862352036	0.134510962016734	3.41412964019173	0.000639861216162529	0.00352354842215646	FALSE
F9Z35_0002	4371.18184986879	0.425114751208634	0.123221510338188	3.4500043867494	0.000560577444341594	0.00315498545121178	FALSE
F9Z35_0009	435.156304010728	-0.888725386659125	0.222904536566309	-3.98702242829746	6.69077028182093e-05	0.000557928313704496	FALSE
F9Z35_0010	1943.35489134079	-0.582118713871431	0.194834864049172	-2.98775435655354	0.00281035333011744	0.0119119333058712	FALSE
F9Z35_0012	171.277551468594	-1.13166499535294	0.286830312439503	-3.94541631854767	7.96614494241018e-05	0.000640741500682835	TRUE
F9Z35_0025	19.8132742008268	-1.03452570943865	0.431587652529208	-2.39702341662482	0.0165288673602987	0.049586602080896	TRUE
F9Z35_0032	415.363084685356	0.489696574515005	0.201643590081853	2.42852537150436	0.0151603643399384	0.0462968973789151	FALSE
F9Z35_0033	1141.3114337084	0.669313645926917	0.224132063801993	2.98624674476836	0.00282424661096956	0.0119355605292394	FALSE
F9Z35_0034	287.709502607121	0.692267322261546	0.200105880324748	3.45950514366734	0.000541168941110928	0.00307968843089033	FALSE
F9Z35_0037	728.452933084724	-0.439668642579653	0.117595061018315	-3.73883595766981	0.000184874309647907	0.00130240763658853	FALSE
F9Z35_0038	3562.76532646201	-0.773102815996779	0.150380441485364	-5.14097982663537	2.73309400946163e-07	4.85540092289574e-06	FALSE
F9Z35_0047	12.3639115801264	-1.85590538119127	0.735738586763365	-2.5225065187293	0.0116521790480967	0.0378464257476336	TRUE
F9Z35_0052	111.837680497315	-1.15307717531647	0.258889252870344	-4.45393990879162	8.43087056533421e-06	9.78651623010102e-05	TRUE
F9Z35_0053	3555.18738258146	0.677506959231392	0.139103798515296	4.87051372042075	1.11308471367466e-06	1.68275901487321e-05	FALSE
F9Z35_0072	1897.96223908745	-0.865635275215209	0.303663101203606	-2.8506435974083	0.00436308442925814	0.0171264032615977	FALSE
F9Z35_0073	356.657333019307	-1.58223772183527	0.229692572901401	-6.88850188688715	5.63829863873908e-12	3.03132739972209e-10	TRUE
F9Z35_0076	6831.0474317643	0.686254131857164	0.283765222987926	2.41838701949169	0.0155894859243883	0.0471143783188245	FALSE
F9Z35_0088	24.7366186684004	-1.14628245644602	0.436102387533393	-2.62847094905722	0.00857696810844991	0.0295749993181805	TRUE
F9Z35_0104	399.367240090077	-1.09992024196729	0.307917140576165	-3.57213060601028	0.000354088734401286	0.00220549781823728	TRUE
F9Z35_0106	20375.0642258359	0.551327674545837	0.206916259065452	2.6644966279399	0.00771036393989806	0.0272530683896397	FALSE
F9Z35_0109	1698.00975929083	-0.495094960383999	0.160820077331716	-3.07856437205157	0.00208000587479974	0.00913860645637823	FALSE
F9Z35_0121	1642.79846954991	-0.303530427031885	0.123799308343067	-2.45179420704643	0.0142145930945288	0.0440948974074322	FALSE
F9Z35_0122	2842.85969469085	-0.865592845819696	0.25780846596406	-3.35750357375915	0.000786497267559993	0.00423961455837748	FALSE
F9Z35_0124	7250.85237060222	-1.26079759763737	0.203557256123139	-6.19382291572388	5.87221995235544e-10	2.1047272566074e-08	TRUE
F9Z35_0125	1473.97108493036	-0.98562589205483	0.313664960174146	-3.14228880238205	0.00167632599638084	0.00776583675874388	FALSE
F9Z35_0128	3397.67386652239	1.08293133640243	0.150949329639506	7.17413809646367	7.27641337926136e-13	4.12936459273082e-11	TRUE
F9Z35_0129	990.214488387304	0.928392796696071	0.115320452047403	8.05054767140914	8.24243622203425e-16	8.86278800085052e-14	FALSE
F9Z35_0130	3526.53948480257	-0.743008118289198	0.178929391847784	-4.15252134160987	3.28832076527373e-05	0.000311020339048807	FALSE
F9Z35_0134	998.020121358942	-1.27423845691835	0.170377040218166	-7.47893293184748	7.49284980930985e-14	4.93802972916775e-12	TRUE
F9Z35_0135	389.22023283613	-1.08982796179632	0.236412832485409	-4.60985112499585	4.02957424590586e-06	5.04158346034032e-05	TRUE
F9Z35_0136	299.37934937102	-0.486407908800818	0.199874128662909	-2.4335711282632	0.0149506976702136	0.0457935162522434	FALSE
F9Z35_0140	8180.97979877267	-1.08343685514477	0.303532348663994	-3.56942797007814	0.000357761565232832	0.00222160145219051	TRUE
F9Z35_0141	2041.27878037019	-0.556631034246427	0.12740841970271	-4.36887166127051	1.2489012978285e-05	0.000138668769101284	FALSE
F9Z35_0144	2203.49670741988	-0.477483790757049	0.153986364126512	-3.10081865667507	0.00192986440203786	0.00858978861299204	FALSE
F9Z35_0147	254.660338430356	0.922002426909063	0.37422027460839	2.46379602995564	0.0137474319297463	0.0429449593768679	FALSE
F9Z35_0148	274.607950907854	0.925923894727754	0.345203441875699	2.68225568579691	0.00731275444694337	0.0261645487479953	FALSE
F9Z35_0152	3042.94574139002	0.658096028541247	0.14214337404889	4.6298044699213	3.66011183775781e-06	4.673505302837e-05	FALSE
F9Z35_0156	734.445205212517	-0.523434711899456	0.162845919020597	-3.21429431604762	0.00130765563067867	0.00636081060351555	FALSE
F9Z35_0160	518.32019106489	-1.06030770851146	0.159748565708438	-6.63735354248284	3.19365017222867e-11	1.59137251264955e-09	TRUE
F9Z35_0167	723.004729657498	-0.953829835421231	0.206951678542842	-4.60894950037226	4.0470860866168e-06	5.04158346034032e-05	FALSE
F9Z35_0169	317.196191115426	0.559044403560214	0.181406886582654	3.08171544141186	0.00205811481358404	0.00908148717959437	FALSE
F9Z35_0170	618.546049589554	0.448121944390914	0.162725911486553	2.75384504100901	0.00588996481630282	0.0217205742232972	FALSE
F9Z35_0174	948.196428961828	0.365865805753613	0.128710812202107	2.84254134904468	0.00447554251709249	0.017482855377476	FALSE
F9Z35_0175	240.924497839327	0.62830244836919	0.174283483952059	3.60506018196205	0.000312080600085703	0.00198623260428377	FALSE
F9Z35_0176	36.2897596335076	-1.79677185828684	0.395716877814837	-4.5405489606829	5.61079471641466e-06	6.78275361280186e-05	TRUE
F9Z35_0178	6247.53586097248	-0.502582877197927	0.194891720596566	-2.57878003057039	0.0099149900857551	0.0333163235940751	FALSE
F9Z35_0179	3319.58370132182	0.473901539190891	0.114881848532471	4.12512111569082	3.70539711409847e-05	0.000344096650186508	FALSE
F9Z35_0182	9602.248973032	-0.455902911742387	0.173045647310829	-2.63458179288083	0.00842410046163287	0.0292197576283802	FALSE
F9Z35_0187	76.1798921805147	-0.843168123720195	0.267026446765181	-3.15762028044235	0.00159062601527153	0.00743626761830602	FALSE
F9Z35_0190	6053.987883197	1.4001953477974	0.232736435897314	6.0162275081637	1.78528618157343e-09	5.78942804595957e-08	TRUE
F9Z35_0192	5523.15372463749	0.734636573588545	0.27199700844233	2.70089946134207	0.00691522389747263	0.024960781665259	FALSE
F9Z35_0209	2785.07273370881	-0.367485736887376	0.125155072774604	-2.93624324400492	0.00332213708880314	0.0136561892805328	FALSE
F9Z35_0216	4761.91795871362	-1.23695735205192	0.193197179222877	-6.4025642456453	1.52788801546332e-10	6.46378020988016e-09	TRUE
F9Z35_0217	866.170735481618	-0.511699830081104	0.188564206059274	-2.71366364155165	0.00665436933499742	0.0241043910485811	FALSE
F9Z35_0218	4116.43026069003	-0.592095270149743	0.219180561448668	-2.70140411282965	0.00690473868117752	0.024960781665259	FALSE
F9Z35_0220	1891.7973730022	0.474480431338309	0.192187996447979	2.46883489139624	0.0135553746845656	0.0424748933751036	FALSE
F9Z35_0223	701.390725780217	-1.31824519140298	0.249353660477746	-5.28664864545121	1.24577590957452e-07	2.4952158659419e-06	TRUE
F9Z35_0226	60.7413270348125	-1.2828632873284	0.339194790965455	-3.78208428165116	0.000155520683753316	0.00111876322854938	TRUE
F9Z35_0236	352.964034072562	-0.766403503298614	0.227201834152962	-3.37322762448581	0.000742925085408093	0.0040259839508985	FALSE
F9Z35_0238	2228.5335840609	-0.469264282161679	0.19171107075112	-2.44776830218052	0.0143744058582475	0.0443608930036247	FALSE
F9Z35_0241	9136.00528514088	0.815005061407416	0.258002137977762	3.15890816950386	0.00158361380761678	0.00743626761830602	FALSE
F9Z35_0244	8361.60259654766	0.802778992638641	0.195619880239673	4.10376998316878	4.06471603024867e-05	0.000374063731972884	FALSE
F9Z35_0245	1381.89361015239	-0.738342693448365	0.207240108167101	-3.56274034007466	0.000367003647484655	0.00226968948264766	FALSE
F9Z35_0246	342.429843513342	-0.681739031434643	0.264780595707694	-2.57473184397264	0.0100317828623565	0.0335432608638204	FALSE
F9Z35_0248	3180.50134564464	0.435939144041506	0.141577547823137	3.07915450397611	0.00207588993511627	0.00913860645637823	FALSE
F9Z35_0257	16.0483145283913	1.03800750446718	0.402973213881659	2.57587221361072	0.00999875913164328	0.0335301948022812	TRUE
F9Z35_0258	157.112376373462	0.984241032655357	0.222743460626307	4.41872021691628	9.92870797071864e-06	0.000113320393207699	FALSE
F9Z35_0259	354.792817063405	0.842802693847828	0.232230206154727	3.6291691240471	0.000284334920162159	0.00183966536622082	FALSE
F9Z35_0265	756.057618562819	-0.283745120753005	0.0911851463317075	-3.11174716681174	0.00185983710067033	0.00838774215600326	FALSE
F9Z35_0269	5764.87626184741	0.891438204904834	0.201640475386282	4.4209288993051	9.82775098480585e-06	0.00011279828798853	FALSE
F9Z35_0271	829.469980302003	1.06507729141999	0.273231002465557	3.89808360621249	9.69569442340285e-05	0.000756042126221833	TRUE
F9Z35_0274	638.698395155693	0.666534146363257	0.258804679649014	2.5754331307579	0.0100114629610335	0.0335301948022812	FALSE
F9Z35_0275	8771.00692740876	0.720742170054867	0.178631003830304	4.03481005312805	5.46464867186295e-05	0.00047710586481265	FALSE
F9Z35_0276	2345.95544805974	-0.843449730614946	0.178744412356537	-4.71874739744332	2.3730125776496e-06	3.26164747157322e-05	FALSE
F9Z35_0277	6362.20809876604	-0.658134650065103	0.13886031679058	-4.7395444953338	2.14199196066412e-06	2.99732162714849e-05	FALSE
F9Z35_0279	202.33968150731	0.837763018273902	0.218927449049084	3.82666962006247	0.000129888657521495	0.000968476377067207	FALSE
F9Z35_0282	110.80351210616	0.621722324434555	0.235255097175464	2.64275814594081	0.00822337519378945	0.0287185564460032	FALSE
F9Z35_0283	343.661157396218	0.802040986877331	0.210718911973315	3.80621264302514	0.00014111107110337	0.00103292650348688	FALSE
F9Z35_0285	841.289687083938	2.29932121269392	0.409122462776435	5.62012947685638	1.90814402027713e-08	4.99786953003355e-07	TRUE
F9Z35_0286	450.497443304061	1.59661913415627	0.61876855909468	2.58031716493851	0.00987096106927798	0.0332230205346539	TRUE
F9Z35_0287	219.475628163529	0.643457774600609	0.243141975298144	2.64642817765873	0.00813467774745631	0.0285062549537791	FALSE
F9Z35_0289	1662.32956239762	0.459284548536898	0.140580310757058	3.26706169636091	0.00108669994967648	0.00552270646066927	FALSE
F9Z35_0290	2185.94466049449	0.647305699450113	0.165532255868676	3.91045054061033	9.21241233559497e-05	0.000723883015446943	FALSE
F9Z35_0295	236.057099113153	-0.733573835319489	0.235560934194637	-3.11415743797891	0.00184471028153467	0.00835641486735108	FALSE
F9Z35_0296	979.299622898092	-0.962552718833105	0.194973404859189	-4.9368411016275	7.93981093333961e-07	1.24777182590868e-05	FALSE
F9Z35_0302	7596.67866474627	-3.07828521782864	0.266751145007288	-11.5399137939765	8.30083692151566e-31	2.42265854723664e-28	TRUE
F9Z35_0305	3644.65835750829	-0.680867658638102	0.205967524858556	-3.30570394097649	0.000947381315906064	0.00491243662029464	FALSE
F9Z35_0306	360.096866881338	-0.57117478145308	0.174694428056129	-3.26956496442785	0.0010771300038335	0.00550563778090787	FALSE
F9Z35_0307	813.502801330177	-0.667418286165405	0.194445116587634	-3.43242503529066	0.000598209234745187	0.0033391843349301	FALSE
F9Z35_0310	101.446889976443	-1.41915825725387	0.249425034275514	-5.68971860172734	1.27248893285174e-08	3.51310120245419e-07	TRUE
F9Z35_0311	261.819788132703	-1.17952180059984	0.270501718488524	-4.36049651436828	1.29767649316158e-05	0.000143305571650222	TRUE
F9Z35_0313	1402.86340731036	0.624731095529415	0.212144951419927	2.94483131155359	0.00323130783337997	0.0133905920965422	FALSE
F9Z35_0314	13.848193018907	1.84763386898488	0.521311967304977	3.54419998937791	0.000393806406210128	0.00240163130712624	TRUE
F9Z35_0315	1860.41449131144	0.789442161730522	0.276423607918475	2.8559143977433	0.0042913081613498	0.0168923749010359	FALSE
F9Z35_0319	1263.88622424061	-0.829368661403432	0.239306042849216	-3.46572385523088	0.000528806106171652	0.00303469346884462	FALSE
F9Z35_0325	560.842539281797	-0.388632980025638	0.147233407459661	-2.63957064317836	0.00830111205535527	0.0289405664318956	FALSE
F9Z35_0331	9706.36178157146	0.782091455300698	0.146200568210366	5.34944196779972	8.82258450618701e-08	1.82066062082223e-06	FALSE
F9Z35_0332	2322.75301402743	1.49134308740788	0.307901660552371	4.84356948492071	1.2752709473507e-06	1.88795546770832e-05	TRUE
F9Z35_0333	2316.62293644283	0.783750028949437	0.157393409571604	4.9795606504914	6.3728779594589e-07	1.03331664056941e-05	FALSE
F9Z35_0334	2161.26276392174	0.81009549508765	0.150935310444641	5.36717016516007	7.99815903674915e-08	1.70210822000818e-06	FALSE
F9Z35_0335	617.306504001671	-0.695702485361835	0.186636998941645	-3.72757003866826	0.000193334842678621	0.00134806513171475	FALSE
F9Z35_0338	10019.4235454264	0.377196668706592	0.118153043649769	3.19244140527334	0.00141075564234566	0.00679757966347211	FALSE
F9Z35_0339	1714.60610152368	1.18390118933352	0.206610695096152	5.73010602758272	1.00367878772958e-08	2.80892570319389e-07	TRUE
F9Z35_0345	3570.89750433007	0.507147972140524	0.163763925903423	3.09682348748532	0.00195606309592589	0.00865760737575518	FALSE
F9Z35_0346	766.038665700415	0.859368744381319	0.14855077030057	5.78501708636392	7.25049599877459e-09	2.1161090464995e-07	FALSE
F9Z35_0349	26.4529611198658	-1.27720923553494	0.323093468905017	-3.95306423204245	7.71567143050095e-05	0.000628012618825237	TRUE
F9Z35_0353	262.190282916525	-1.51331039941511	0.244449803457411	-6.19067955061278	5.99053857789068e-10	2.11011557148804e-08	TRUE
F9Z35_0355	19238.4371185853	0.57816158658018	0.167868134345329	3.44414137224411	0.000572876072036234	0.00320653647991788	FALSE
F9Z35_0359	134.313241123998	0.879232244856365	0.248298499498583	3.54102923147702	0.000398569418349437	0.00241625318008279	FALSE
F9Z35_0361	772.933557696315	-1.37336773359323	0.161310356076023	-8.51382246621525	1.6829161167742e-17	2.02246919209982e-15	TRUE
F9Z35_0362	166.101268490351	-1.56765280159673	0.290799716087964	-5.39083332915819	7.01316982462867e-08	1.50820062649646e-06	TRUE
F9Z35_0369	2385.74430593737	-1.20719411253487	0.182845867670606	-6.60224990542096	4.04964089496283e-11	1.9240503135835e-09	TRUE
F9Z35_0370	952.454482073025	-0.615262658214492	0.182951796257841	-3.36297686494085	0.0007710682542208	0.00416744032638385	FALSE
F9Z35_0375	692.692519361654	0.50995672078164	0.130227412372869	3.91589383133501	9.0069880975911e-05	0.000710474003219251	FALSE
F9Z35_0376	32061.4906776435	-0.785954223192651	0.318821981216182	-2.46518204357975	0.0136943655829614	0.0428446996722668	FALSE
F9Z35_0379	2098.15466207962	0.835646869972915	0.130562850054018	6.40034182485432	1.55029481294238e-10	6.46378020988016e-09	FALSE
F9Z35_0381	2064.19334676914	0.441550113299427	0.139315336381321	3.16942933038512	0.00152738596223748	0.0072232627797481	FALSE
F9Z35_0387	6595.15090793014	-0.292527947450319	0.120906948070795	-2.41944695584437	0.0155441276181412	0.0471143783188245	FALSE
F9Z35_0388	924.892863481102	-0.956607618908432	0.22346478798388	-4.28079800642882	1.8622433062441e-05	0.000194110360951873	FALSE
F9Z35_0389	10944.1492609062	0.293899863036443	0.104876119352718	2.8023525741642	0.00507313971727859	0.019336612765672	FALSE
F9Z35_0397	258.050358960055	-1.34882266923793	0.151431650595455	-8.90713839500615	5.23666706096431e-19	8.91542567129174e-17	TRUE
F9Z35_0398	1291.64479620535	0.725058072936056	0.165515224578412	4.38061256771315	1.1834613413092e-05	0.000132120848103535	FALSE
F9Z35_0402	469.588983398821	-0.417703862505049	0.144806044420694	-2.88457477155806	0.00391942671278926	0.0157316085937691	FALSE
F9Z35_0403	498.978701382039	-0.480031228615182	0.173242815933605	-2.77085792001415	0.0055908816499757	0.0208814830180994	FALSE
F9Z35_0408	2900.46812523452	-0.614348411288838	0.204885869972419	-2.99849087382912	0.00271320282085786	0.0115721782108823	FALSE
F9Z35_0411	2397.13905656352	0.549690590396702	0.182474877870392	3.01241791095833	0.00259175522507016	0.011170793090334	FALSE
F9Z35_0412	403.007337945708	-1.23141269329068	0.241579735403789	-5.09733439037191	3.44469539699147e-07	6.0149681162851e-06	TRUE
F9Z35_0427	4226.68200551703	-0.681266183299504	0.16611832880892	-4.10108979655785	4.11208937733374e-05	0.000375575131318546	FALSE
F9Z35_0433	2891.77414563357	-0.637801518349442	0.223037286860076	-2.85961835049389	0.00424151118536409	0.0167609426531892	FALSE
F9Z35_0435	356.048716636103	-1.04302634116151	0.131358640095461	-7.94029490868299	2.01701105657421e-15	1.96226361361005e-13	TRUE
F9Z35_0437	118.735107838768	-0.790615083426785	0.278352288239896	-2.84033980257923	0.00450655014185159	0.0175703853813031	FALSE
F9Z35_0451	399.079447661294	-0.556192473456649	0.22523118351786	-2.46942925384284	0.0135328774714708	0.0424748933751036	FALSE
F9Z35_0456	1196.8368523195	-0.802005867866166	0.152695075296754	-5.2523361759213	1.5018202626713e-07	2.89454603456364e-06	FALSE
F9Z35_0458	1014.86023443272	0.558255129928531	0.229823437985844	2.42906091224219	0.0151379888176976	0.0462968973789151	FALSE
F9Z35_0460	339.073934137218	0.824877380922539	0.272141852108647	3.0310566880144	0.0024369948950257	0.0105482639206303	FALSE
F9Z35_0462	954.050714750788	-1.37666721302113	0.301479338199694	-4.56637334167575	4.96234640102615e-06	6.03456767696216e-05	TRUE
F9Z35_0463	93.1609782403941	-1.21595743695511	0.289158079961203	-4.20516499873792	2.60891756910585e-05	0.000262562492299668	TRUE
F9Z35_0469	3349.45242219169	-0.797885938166682	0.145058365881431	-5.50044758410463	3.7882836033301e-08	8.99937604837603e-07	FALSE
F9Z35_0471	1412.06173008098	0.487372754788069	0.191111751611705	2.55019772817685	0.010766183905666	0.0355911225230997	FALSE
F9Z35_0474	544.195589048956	0.560333364246602	0.177089354999188	3.16412787346349	0.00155548436731872	0.00732224553555794	FALSE
F9Z35_0476	6380.60564215449	0.45509953153167	0.149068500787987	3.0529557158352	0.00226599375525797	0.00989193427776077	FALSE
F9Z35_0477	398.649674503898	-1.03827325560468	0.346405863997928	-2.99727390183813	0.00272405841799911	0.0115942736416087	TRUE
F9Z35_0478	1397.43118734438	0.620138356477702	0.177470933946143	3.494309421203	0.000475289812220942	0.00279027898381432	FALSE
F9Z35_0479	2985.79405548981	0.675035828220349	0.179845840837293	3.75341361845035	0.00017444266295738	0.00123745264035391	FALSE
F9Z35_0482	327.709815393746	0.557398555891346	0.138134590156832	4.03518449114374	5.45594100656374e-05	0.00047710586481265	FALSE
F9Z35_0483	2617.89659487768	-0.669313139775123	0.169137400158978	-3.95721548957245	7.5828520352469e-05	0.000624668012419734	FALSE
F9Z35_0487	450.862798418066	-1.16820929957861	0.207124249483023	-5.64013775545079	1.69914172335766e-08	4.5082422608048e-07	TRUE
F9Z35_0488	5494.51680375196	0.744368852866531	0.171601467070637	4.3377767426669	1.43931247014557e-05	0.000156410392367415	FALSE
F9Z35_0489	2362.70574493024	0.621425453310045	0.175399649560152	3.54291160141077	0.000395735330890406	0.00240621214586041	FALSE
F9Z35_0495	361.193511400789	-1.06852561140336	0.305326414532825	-3.49961732933685	0.000465926505660875	0.00275909522047875	TRUE
F9Z35_0499	2542.52521205601	-0.665248901254835	0.231910046857778	-2.86856438635799	0.00412339263594086	0.0163892824031657	FALSE
F9Z35_0500	105.516533436356	-0.719431005223241	0.276306438121439	-2.60374318497438	0.00922118237300274	0.0313981259800743	FALSE
F9Z35_0503	44769.0333169791	1.20789726929153	0.305316336065554	3.95621565769145	7.6146425359243e-05	0.000624767658670415	TRUE
F9Z35_0509	556.175500191259	-0.911455235759056	0.217933707766974	-4.18225911493063	2.88626752978945e-05	0.00028213610351004	FALSE
F9Z35_0512	441.861619814509	-0.698850971527065	0.189157623212749	-3.69454299360198	0.000220282620638093	0.00149514084373297	FALSE
F9Z35_0513	605.456507326181	0.640400092302841	0.216229145040241	2.96167333124154	0.00305972219622968	0.0127536297519502	FALSE
F9Z35_0515	14483.2597674671	0.65130143288702	0.236019883382526	2.75951934028979	0.00578864606400445	0.0214242824434078	FALSE
F9Z35_0516	1510.46589985504	1.61802410981712	0.255629134296651	6.32957629915317	2.45835309138963e-10	9.84787326609611e-09	TRUE
F9Z35_0517	7243.44362515955	1.12830845188607	0.214242730649904	5.26649585011989	1.39052388670949e-07	2.75809737917232e-06	TRUE
F9Z35_0518	1113.41002336246	1.46679632822717	0.217667369391103	6.7387056329589	1.59803779267134e-11	8.37125951391681e-10	TRUE
F9Z35_0519	2821.87949138185	1.44836882247016	0.171511787898192	8.44471881623609	3.04778167034106e-17	3.4592321958371e-15	TRUE
F9Z35_0520	2321.22443251818	0.807822331023242	0.193105275844369	4.1833260509894	2.87274916598306e-05	0.00028213610351004	FALSE
F9Z35_0521	2075.66372062323	0.561127713721026	0.214540929593566	2.61548094708104	0.00891018922283436	0.0304916525665839	FALSE
F9Z35_0523	783.497354924561	1.37033638741946	0.247223621691323	5.54290232480466	2.97498830587046e-08	7.41207452304066e-07	TRUE
F9Z35_0525	776.388731364606	0.601954941659209	0.174109817713057	3.45732911311908	0.000545558127773636	0.00309604237511539	FALSE
F9Z35_0535	10899.8346438325	-0.952197544965201	0.324205644890429	-2.93701716787508	0.00331385757817154	0.0136496190165413	FALSE
F9Z35_0538	97.5778015736697	-1.10155147280213	0.415796901873903	-2.64925368091413	0.0080669753478008	0.02831757841161	TRUE
F9Z35_0540	217.578153920139	-1.10812312349203	0.440370685348147	-2.51634171020257	0.0118580152133395	0.0382716036032427	TRUE
F9Z35_0548	97207.4938744714	0.839187642327287	0.190448056002064	4.40638597181686	1.05109600198149e-05	0.000119299396224899	FALSE
F9Z35_0549	5854.22210456442	0.872873549437079	0.22455654611158	3.88709910511074	0.000101449342222632	0.000785079568791049	FALSE
F9Z35_0550	114.866021651111	-2.68074432462001	0.251050749726851	-10.6780972673323	1.28886241713556e-26	3.29143239775994e-24	TRUE
F9Z35_0554	5100.94927373152	-0.489315817667657	0.128558810089779	-3.80616324408994	0.000141139243973595	0.00103292650348688	FALSE
F9Z35_0555	1624.97984028873	-0.64632137076951	0.139724353784687	-4.62568874546725	3.73355627416136e-06	4.73767420379606e-05	FALSE
F9Z35_0559	3210.90560168665	-0.462707005651091	0.145066971984905	-3.18960959424478	0.00142465109404742	0.00682618559790859	FALSE
F9Z35_0561	14.8390926116914	-1.02205294510941	0.397131179288381	-2.57359028555962	0.0100649382755093	0.0335991321844208	TRUE
F9Z35_0562	7092.95122312572	0.511406918652723	0.108569054127492	4.71042989885664	2.47194815368891e-06	3.3224934723595e-05	FALSE
F9Z35_0564	3028.08322191254	0.61130087195997	0.141281769654512	4.32682060434855	1.51277070119221e-05	0.000160968257423733	FALSE
F9Z35_0565	1078.97704368167	-0.699760919286097	0.177247885512562	-3.94792252253133	7.88323065264337e-05	0.000638849310188433	FALSE
F9Z35_0568	5640.25631526243	0.633023419059048	0.190647878297475	3.32038008873783	0.0008989496751545	0.00469924411624148	FALSE
F9Z35_0576	5209.80834982111	-1.07961365999034	0.201715737130509	-5.35215385447016	8.69134508517688e-08	1.81187938867514e-06	TRUE
F9Z35_0580	1533.45756660769	-0.634866117307012	0.232148607426502	-2.73474014918659	0.00624295376308532	0.0229394865791067	FALSE
F9Z35_0581	578.123763048205	-1.06015446955208	0.318687636473788	-3.32662566167445	0.000879043749572537	0.00461667449968302	TRUE
F9Z35_0582	486.661363602299	-0.700512503887324	0.270454757727063	-2.59012823355197	0.00959401862095075	0.0324512914612622	FALSE
F9Z35_0589	1071.54194645833	1.01005152921955	0.240182561915507	4.20534913594132	2.60679427967163e-05	0.000262562492299668	TRUE
F9Z35_0592	263.975221599844	0.598084012896548	0.173094336275243	3.45524888778287	0.000549785054958311	0.00311138744398845	FALSE
F9Z35_0594	1787.49768052103	0.478086533479998	0.151891463803272	3.14755366436662	0.0016464288109317	0.00765966590743735	FALSE
F9Z35_0596	2268.25195442529	-1.190488479928	0.37258788460228	-3.19518838139032	0.00139739596862794	0.00674912521018173	TRUE
F9Z35_0597	1137.40066125345	0.378435930002901	0.144182730519246	2.62469665153405	0.00867261952222589	0.0298285550234133	FALSE
F9Z35_0603	2080.74716592768	0.281354334245859	0.105536435369407	2.66594501947162	0.00767722473258006	0.0272301564733699	FALSE
F9Z35_0606	551.711774475223	0.558502306398075	0.172367743421505	3.24017879048474	0.00119454773370677	0.00592344907757994	FALSE
F9Z35_0610	1895.3162959124	0.579316519013841	0.17826266454407	3.24979165152455	0.0011548958692359	0.00578297122757093	FALSE
F9Z35_0612	3433.68639367341	0.429360732303304	0.154309216813311	2.78246977834618	0.0053946889375236	0.0204099064802976	FALSE
F9Z35_0616	260.717565237749	-0.671222274219002	0.207107317616354	-3.24093944117597	0.00119136490152231	0.00592204013092474	FALSE
F9Z35_0633	105.494708711382	-1.02278509506732	0.277805291436789	-3.68166167670006	0.000231718772950653	0.00155798433325028	TRUE
F9Z35_0635	2755.93650398973	-0.908192438540927	0.218533729856661	-4.15584559480415	3.24086649578219e-05	0.000307969864312544	FALSE
F9Z35_0671	1497.71599753293	0.924240941143823	0.319267893691465	2.89487593148653	0.00379308419356813	0.0153147648368768	FALSE
F9Z35_0674	35.5560370737798	-1.45697803986314	0.371393164187017	-3.92300715349051	8.7450553725e-05	0.000697896411172559	TRUE
F9Z35_0675	52.146047665497	-1.24484176971799	0.350676086356421	-3.54983364463795	0.000385474655778497	0.00236493910437078	TRUE
F9Z35_0676	3515.80504645688	-0.834492516183821	0.254547382095575	-3.27833863115707	0.00104420047695473	0.0053600542070817	FALSE
F9Z35_0677	797.621359139877	-0.656515493165406	0.227224459342518	-2.8892817923962	0.00386122886153714	0.0155591529864307	FALSE
F9Z35_0683	9660.16800049094	0.426689627647373	0.171759900995103	2.48422143454506	0.0129835045112084	0.0411883535968923	FALSE
F9Z35_0697	1326.56098220161	0.511127693813144	0.17767685670943	2.87672634061189	0.00401823905090581	0.0160337155878918	FALSE
F9Z35_0699	1548.39251389895	0.588382266771097	0.1845045995995	3.18898427490852	0.00142773643998248	0.00682618559790859	FALSE
F9Z35_0701	2598.86101622607	-0.774437264952792	0.172182492723938	-4.49777008510648	6.86698981161623e-06	8.15654661926276e-05	FALSE
F9Z35_0702	2851.31224122811	-0.650137174133505	0.174851175638561	-3.71823164333433	0.000200622263955012	0.00139412001789146	FALSE
F9Z35_0706	4286.16232736936	1.09909934233136	0.228506495400454	4.8099260391054	1.50986153032674e-06	2.20331936175538e-05	TRUE
F9Z35_0707	9519.9777627057	0.716748936038494	0.228320409591679	3.13922411632103	0.00169395837601912	0.00781209246547871	FALSE
F9Z35_0713	1420.53027159663	-0.815267007527801	0.320366999327902	-2.54479084686672	0.0109343209689871	0.0360303511929687	FALSE
F9Z35_0715	3180.3390410586	1.64547430486967	0.318685459299652	5.16331780083656	2.42610721316026e-07	4.3863159614924e-06	TRUE
F9Z35_0716	2313.03605394043	1.45263708582223	0.308293253583769	4.7118679015385	2.45456478066798e-06	3.32097738205607e-05	TRUE
F9Z35_0719	1124.85937409963	-0.801912636803287	0.159462550380122	-5.02884617668355	4.9344002568017e-07	8.12982235858537e-06	FALSE
F9Z35_0721	1940.26406437131	0.664953045523078	0.260487196994432	2.55272832290983	0.0106882829704117	0.0353908624125626	FALSE
F9Z35_0722	353.463544356752	-0.65678937608964	0.246443160023317	-2.66507447813726	0.00769712738422189	0.0272530683896397	FALSE
F9Z35_0726	2545.85633897583	-0.71154630584736	0.218803120674029	-3.25199340692867	0.00114598680070615	0.00575982162712831	FALSE
F9Z35_0732	4573.33677427283	-1.21797328686572	0.154155498635553	-7.90093962035827	2.7680872746057e-15	2.45878360957367e-13	TRUE
F9Z35_0733	8973.45487302765	-0.752371699254938	0.184415781839519	-4.07975766363457	4.5082674343351e-05	0.000409350683037627	FALSE
F9Z35_0734	8965.16170697279	-0.576805507694152	0.204989498332389	-2.81382954925265	0.00489551786377333	0.0187998928490393	FALSE
F9Z35_0735	3860.15309787106	0.669995514035421	0.227992576910585	2.93867249150915	0.00329621182369468	0.013604365163249	FALSE
F9Z35_0736	265.073861916827	-0.974464599546723	0.234034420498382	-4.1637661565832	3.13040727576265e-05	0.000301670852093542	FALSE
F9Z35_0737	619.367801880921	0.554792205021012	0.201039800250082	2.75961378956248	0.00578697298150989	0.0214242824434078	FALSE
F9Z35_0738	1085.81832886001	-0.854425825343527	0.208357782577283	-4.10076271101899	4.11790648141724e-05	0.000375575131318546	FALSE
F9Z35_0742	1777.65849617967	0.743094493988968	0.235317918855307	3.15783216851363	0.00158947038096154	0.00743626761830602	FALSE
F9Z35_0743	3263.62315022994	0.916748668228631	0.197278704832301	4.64697225687853	3.36842446386472e-06	4.32810766017335e-05	FALSE
F9Z35_0752	3247.84278965113	-0.434742195950922	0.152152301218586	-2.8572830806309	0.00427284578060828	0.0168521697486153	FALSE
F9Z35_0753	3460.93158406902	-0.687943984415148	0.124915061397397	-5.50729413026159	3.64391154425409e-08	8.86251343441799e-07	FALSE
F9Z35_0761	51.4607588245839	-1.00353421201796	0.40290567285203	-2.4907423241631	0.0127476533629233	0.0405661305614522	TRUE
F9Z35_0762	251.420100770012	-0.46208161863102	0.132914853904384	-3.47652354163089	0.000507959631556056	0.00293152973804809	FALSE
F9Z35_0763	4855.34734070874	-0.921275643907746	0.15251513341006	-6.04055232624529	1.53587564776481e-09	5.14392450554672e-08	FALSE
F9Z35_0764	2438.22205084173	-0.545154663292358	0.171974313633108	-3.16997725867014	0.00152450868718337	0.0072232627797481	FALSE
F9Z35_0766	4312.2857835365	4.64079290332837	0.289133225556628	16.0507077469014	5.65158968339912e-58	1.15461977231844e-54	TRUE
F9Z35_0769	23637.2369284555	-1.35292138129799	0.365250422463473	-3.70409258440566	0.000212148770530547	0.00145855569741069	TRUE
F9Z35_0770	167.406946272563	1.145111330814	0.196535547473064	5.8264845496764	5.66071050570291e-09	1.7007105239928e-07	TRUE
F9Z35_0773	34.3409177642962	-1.42342818109883	0.362789464593448	-3.92356537336045	8.72480760815511e-05	0.000697896411172559	TRUE
F9Z35_0778	33.2216603339943	-1.3544919913138	0.36857265709787	-3.67496602156827	0.000237881071037215	0.00157939095980001	TRUE
F9Z35_0780	22.4294102524319	-1.64407730754436	0.524288596928841	-3.13582503448478	0.00171371410057505	0.00786768069095466	TRUE
F9Z35_0782	423.939652496141	-0.73620425816365	0.204811253739867	-3.59454983415468	0.000324952944907649	0.00206173561008176	FALSE
F9Z35_0783	1186.45902394803	-0.437906739595171	0.180494675969192	-2.42614768133059	0.0152600591154643	0.0463933047215677	FALSE
F9Z35_0786	830.857858228847	-0.662756421399802	0.185335556692549	-3.57598095706611	0.000348917051429826	0.00217993130296983	FALSE
F9Z35_0796	3099.48430849376	-1.0800630526829	0.228487433568877	-4.72701292938858	2.27846762367408e-06	3.16660500351438e-05	TRUE
F9Z35_0803	219.041341328978	1.22652316781617	0.251226928375756	4.88213256335994	1.049446648047e-06	1.6120447383158e-05	TRUE
F9Z35_0804	357.339173059967	0.88505112563227	0.30888068907522	2.86534949233015	0.00416549232625478	0.0165244676165796	FALSE
F9Z35_0814	602.250815369518	0.522625178992749	0.21167451685401	2.46900376464872	0.0135489793050596	0.0424748933751036	FALSE
F9Z35_0815	327.345202954747	0.489558618799054	0.14425937645932	3.39359999200542	0.000689803702670847	0.00376809883571267	FALSE
F9Z35_0818	651.560890064402	-0.830496299606887	0.22035862617097	-3.76883952327116	0.00016400828476321	0.0011715696705288	FALSE
F9Z35_0824	8501.9807019443	0.398806203235315	0.12264809359834	3.25162985852323	0.00114745345190466	0.00575982162712831	FALSE
F9Z35_0825	1197.05736157865	-1.03404375659226	0.189462212175055	-5.45778361141932	4.82114696023991e-08	1.1066969932326e-06	TRUE
F9Z35_0829	4656.3203215234	-0.399015881462754	0.149231490588502	-2.67380483763322	0.00749960816627462	0.0267394406347278	FALSE
F9Z35_0831	1886.3450468949	-0.599420934216904	0.172522557201817	-3.47444962524929	0.000511902471286818	0.00294596267278583	FALSE
F9Z35_0832	2835.32591753099	-0.486391841706421	0.176053590549053	-2.76274877546959	0.00573168639722729	0.0212906096537006	FALSE
F9Z35_0835	965.275724324092	-0.945326203629076	0.197882416504996	-4.77721174182856	1.7774258235775e-06	2.55724011096397e-05	FALSE
F9Z35_0837	666.933452670724	-0.573068782722347	0.213810714959375	-2.68026222554484	0.00735645068908911	0.0262748754507151	FALSE
F9Z35_0838	127.967443234759	-1.03010918983075	0.300984899471036	-3.42246136480969	0.000620569163516366	0.00344517065506504	TRUE
F9Z35_0842	2343.98646485254	-1.00364646962594	0.239299431252143	-4.19410302972439	2.73953452244225e-05	0.000270380146345388	TRUE
F9Z35_0844	1142.44569045778	-0.658137813175837	0.16185152393575	-4.06630593998668	4.77642235281852e-05	0.000427992581877554	FALSE
F9Z35_0845	15692.7936522311	0.747037613492045	0.30199160177684	2.47370327219919	0.013372070876369	0.0421591679018856	FALSE
F9Z35_0847	1173.89162581627	0.324732008336247	0.134842034526195	2.40824020104179	0.0160296306230397	0.0483730212154655	FALSE
F9Z35_0849	12476.1775591936	-0.644407725310297	0.204208618435537	-3.15563432262149	0.00160149505946137	0.00746998722940545	FALSE
F9Z35_0851	2441.96526782465	-0.802470929556355	0.153342203697937	-5.23320332044473	1.66597310764688e-07	3.12255326506658e-06	FALSE
F9Z35_0852	622.305453137439	-0.854793448707099	0.336395317837477	-2.54103848472729	0.0110523753270693	0.0363607130325323	FALSE
F9Z35_0854	18939.8609490301	-0.77036007924387	0.258044323559897	-2.98537890164073	0.00283227256671491	0.0119355605292394	FALSE
F9Z35_0858	25322.2250912979	0.737126859908869	0.228749313281636	3.22242217619827	0.00127111691255123	0.00622755839890209	FALSE
F9Z35_0859	50424.3836752566	0.713014565024335	0.227860231153291	3.12917511500575	0.00175297804098876	0.0080298971698207	FALSE
F9Z35_0860	11240.8313334271	0.819387509579674	0.219392415632756	3.73480326207474	0.000187861990186827	0.0013143905683277	FALSE
F9Z35_0861	2223.9408676818	-0.649556143605291	0.138522232991345	-4.68918331431949	2.74297581817062e-06	3.63889584189777e-05	FALSE
F9Z35_0863	1691.09179558422	0.53694792292678	0.194043179528297	2.76715689895443	0.00565475329087023	0.0210430983119269	FALSE
F9Z35_0866	1686.28452802606	0.865936367098573	0.174227489770017	4.97014775476373	6.69018993481721e-07	1.0762250422702e-05	FALSE
F9Z35_0867	1256.49431053273	0.641354320338792	0.206769273487685	3.10178736676265	0.00192356071832414	0.00858978861299204	FALSE
F9Z35_0875	2797.69675819805	-0.745160931374784	0.18474702211297	-4.03341240823427	5.49726774706436e-05	0.000477911404563935	FALSE
F9Z35_0876	356.001422558106	0.980081761275993	0.22000554571896	4.45480480082067	8.39695572613202e-06	9.78651623010102e-05	FALSE
F9Z35_0884	1714.20009687461	-0.862560438097932	0.207410901021364	-4.15870349075377	3.2005903445169e-05	0.000306986200650142	FALSE
F9Z35_0887	348.456917127703	0.88229733365042	0.229763656550625	3.84002129360271	0.00012302363936708	0.000927443893826366	FALSE
F9Z35_0890	9728.39704446978	0.646058361457668	0.144398983890527	4.47411985909448	7.67266958999992e-06	9.06084622680337e-05	FALSE
F9Z35_0893	482.697461125201	0.716373964722522	0.182776800311097	3.91939219585423	8.87725573007669e-05	0.000704782509947854	FALSE
F9Z35_0898	282.943570769946	-0.760090020710672	0.291238041015612	-2.60985830717741	0.00905797320059647	0.0308938885623015	FALSE
F9Z35_0901	375.350300010268	0.836687407136026	0.289969914830501	2.88542833012557	0.00390881449397291	0.0157198976598163	FALSE
F9Z35_0904	2215.32992379667	-0.915163643542669	0.231858996581929	-3.94706980118966	7.91134975416904e-05	0.000638849310188433	FALSE
F9Z35_0905	1073.73435632352	-0.74535683307905	0.215351855121949	-3.46111173575435	0.000537949482935139	0.00306991841797902	FALSE
F9Z35_0906	1660.0140290333	-0.920478274839673	0.217239502982827	-4.23715881412432	2.26366025881159e-05	0.000230082483022491	FALSE
F9Z35_0907	438.625146474269	-0.764236211171624	0.237301095000206	-3.22053385877111	0.00127952077313398	0.00625373430505434	FALSE
F9Z35_0909	23.338571070897	-1.17580836275965	0.338177871494134	-3.47689326201239	0.000507259715555868	0.00293152973804809	TRUE
F9Z35_0914	206.989492168941	-0.756979217607934	0.271132933755456	-2.7919117280333	0.0052397648228529	0.0199345242701834	FALSE
F9Z35_0915	1521.6637900352	-0.475839274430511	0.171692009223834	-2.77147012596354	0.00558037926391712	0.0208814830180994	FALSE
F9Z35_0920	5541.51566536847	-0.668460334901157	0.207963345540867	-3.21431804803216	0.001307547547024	0.00636081060351555	FALSE
F9Z35_0932	728.745303760815	-0.901618892270342	0.221554758133745	-4.06950814265999	4.71124931746439e-05	0.000424012438571795	FALSE
F9Z35_0933	826.377651840828	0.723463987285239	0.22382702107388	3.23224597197512	0.00122821283978892	0.00605229219989071	FALSE
F9Z35_0935	2733.51880081333	-0.371757710456709	0.15124089023161	-2.45805026595254	0.0139693620146836	0.0435716131236619	FALSE
F9Z35_0937	213.547713398416	1.4568141628949	0.286553553685602	5.08391588293921	3.69731731387883e-07	6.40137226462242e-06	TRUE
F9Z35_0940	4578.43985558189	1.63677496582174	0.324896616294908	5.03783321749353	4.70831423240345e-07	8.01590498066687e-06	TRUE
F9Z35_0942	1041.75486095498	0.763387514632686	0.246139073398227	3.10144790948167	0.00192576751238708	0.00858978861299204	FALSE
F9Z35_0944	797.895123914711	-1.45077190304391	0.297945291588184	-4.86925601445364	1.12019200206929e-06	1.68275901487321e-05	TRUE
F9Z35_0947	1378.06393333436	0.850404368671468	0.181846405004425	4.67649810646943	2.91815293237909e-06	3.82165797490416e-05	FALSE
F9Z35_0951	3955.41015694641	0.624099328078093	0.0994534621193719	6.27529011839729	3.4898294733701e-10	1.37110031040291e-08	FALSE
F9Z35_0955	4619.2757932847	0.384912133577226	0.140922700396788	2.73137069111967	0.00630714861006766	0.0231337605213074	FALSE
F9Z35_0969	1393.34443431725	0.339901679187258	0.1401664775832	2.42498552469865	0.0153089971537331	0.0464729289525657	FALSE
F9Z35_0980	5875.53126734985	-0.516347035663131	0.174066843801988	-2.96637213834077	0.00301335629182903	0.0125895437713839	FALSE
F9Z35_0981	6825.33449481118	-0.813353517132344	0.191576938784377	-4.24557111254287	2.18037341805032e-05	0.00022272514465384	FALSE
F9Z35_0982	24732.1687649444	-0.758159840357737	0.187617133367008	-4.04099469356382	5.32249629130623e-05	0.000468700858755975	FALSE
F9Z35_0984	1048.88019917328	-0.718812157508346	0.272913493276509	-2.63384616450629	0.00844237287038827	0.0292335047020394	FALSE
F9Z35_0985	4480.68433970216	-0.79039384060036	0.17969365711055	-4.39856282803628	1.08970081881936e-05	0.000122997722256793	FALSE
F9Z35_0986	4400.10718869316	0.405490522746593	0.116262546306455	3.48771410594918	0.000487168694465531	0.00284367326512309	FALSE
F9Z35_0990	5525.99287693447	-0.465545277298132	0.164715869540115	-2.82635351771466	0.00470812720495733	0.0182172421964542	FALSE
F9Z35_0992	13985.890089839	-0.926034966042912	0.3051658660585	-3.03452996891006	0.00240910819117501	0.0104496985871986	FALSE
F9Z35_0993	398.335063057631	1.19967946286713	0.270704873838226	4.43168771162967	9.3498366809528e-06	0.000107919301351337	TRUE
F9Z35_0997	11760.1683087017	-0.790042186138603	0.28364320517574	-2.78533795882439	0.00534719587186202	0.0202677572657033	FALSE
F9Z35_1001	322.628808299473	-0.611199005631425	0.224428857002566	-2.72335302061641	0.00646229633759004	0.0235758418173151	FALSE
F9Z35_1004	260.814502788344	-0.824906530888195	0.255459129480617	-3.22911352812225	0.00124174589794675	0.00609828574400292	FALSE
F9Z35_1008	804.670585521286	-0.675314616066661	0.184575279828897	-3.65874897598792	0.000253449440071274	0.00167031356795359	FALSE
F9Z35_1019	2882.54365175448	-0.893530324488176	0.149939194879528	-5.95928453001302	2.53344659895054e-09	7.96281754100915e-08	FALSE
F9Z35_1020	911.621347168367	-0.531833618522074	0.147483658355053	-3.60605116833849	0.000310891859920001	0.00198485021817676	FALSE
F9Z35_1021	202.89003128961	-0.813198235466808	0.284069263013873	-2.86267590811856	0.0042008000474772	0.0166322373972789	FALSE
F9Z35_1022	14097.5716856637	-0.803146555357694	0.185613190200735	-4.32699074073946	1.51160313323064e-05	0.000160968257423733	FALSE
F9Z35_1023	2355.71152034871	0.431515119486815	0.105035387866111	4.10828320105667	3.98611138601878e-05	0.000368489844417935	FALSE
F9Z35_1026	5517.69914576403	0.576621576648803	0.139735979220692	4.12650757424554	3.6831387893494e-05	0.000343591440485883	FALSE
F9Z35_1027	73.5354493578063	1.08370368194242	0.253994042194038	4.26665000714673	1.98430088326175e-05	0.000205783081446891	TRUE
F9Z35_1028	94.2897776429113	0.987689009402429	0.328406404441316	3.00752054784888	0.00263388317942523	0.0113284701801384	FALSE
F9Z35_1031	2647.15026601913	0.535154412139607	0.201086000507256	2.66132108048116	0.00778346952359091	0.0273694117671192	FALSE
F9Z35_1033	608.667425469207	0.526763983802638	0.215378098578231	2.44576392530136	0.0144545611405754	0.0445409779942616	FALSE
F9Z35_1034	772.470265271239	0.433066446214836	0.138465102500315	3.12762160569556	0.00176226901230396	0.00805439729784561	FALSE
F9Z35_1035	7498.84949609427	1.35612976612523	0.183359959068499	7.39599732141416	1.40350835188575e-13	8.68899261485631e-12	TRUE
F9Z35_1036	8862.86823849462	0.785449910440094	0.219349618099858	3.58081275565532	0.000342527064928401	0.00214657298665253	FALSE
F9Z35_1037	270.78306575691	1.33870457750385	0.208923226910616	6.4076388121106	1.47790512176491e-10	6.42417056120365e-09	TRUE
F9Z35_1039	133.518607023454	-0.774015740395753	0.277828153002465	-2.78595143087923	0.005337086779193	0.0202670414310247	FALSE
F9Z35_1044	12421.4685996248	0.617802184338637	0.214460918324288	2.88072152803363	0.0039676602001406	0.0158628762991923	FALSE
F9Z35_1045	13146.9149802147	1.09444031902004	0.233964229821342	4.67781044929716	2.89954387176652e-06	3.82165797490416e-05	TRUE
F9Z35_1046	12380.0089095237	0.575654829098358	0.218341277705206	2.63649107099016	0.00837684047897363	0.0291052467662298	FALSE
F9Z35_1048	43.4406849605698	1.96332612100207	0.379368455111481	5.17524874445644	2.27607539340466e-07	4.18920903488803e-06	TRUE
F9Z35_1050	2181.94670993054	0.770370224295265	0.22626212768689	3.40476876166095	0.000662201018274906	0.00362701522878186	FALSE
F9Z35_1060	28217.1476797297	-1.23430587021312	0.186308245947208	-6.62507375311164	3.47074844100401e-11	1.68827120594552e-09	TRUE
F9Z35_1062	378.699372043015	-1.07909316723685	0.164665609912233	-6.55323942754049	5.63021352948978e-11	2.61421050926082e-09	TRUE
F9Z35_1064	14602.8067856324	0.344631969556544	0.14247718019607	2.4188573151313	0.0155693460104249	0.0471143783188245	FALSE
F9Z35_1065	6769.59980907584	0.540564644696012	0.117704828135303	4.59254436083646	4.3787439313679e-06	5.38902039264133e-05	FALSE
F9Z35_1067	3941.87549396787	-0.426917717505504	0.160391279845838	-2.66172648485529	0.00777410208880621	0.0273694117671192	FALSE
F9Z35_1076	111.831346406789	0.935591569372	0.254146568455388	3.68130710974455	0.000232041303392319	0.00155798433325028	FALSE
F9Z35_1077	968.890759886711	-0.492900157250534	0.198014185975078	-2.48921639034777	0.0128025017286873	0.0406773110913037	FALSE
F9Z35_1080	715.051040510574	-0.620191904623874	0.179008836744787	-3.46458820638046	0.000531043956031513	0.00303899944586101	FALSE
F9Z35_1083	5873.67646495281	-0.581758316705587	0.199854100622436	-2.91091508702462	0.0036037193930082	0.0146369755863136	FALSE
F9Z35_1085	535.525953777386	0.727626059872775	0.168039298661757	4.33009460089094	1.49045298418817e-05	0.000160262918247181	FALSE
F9Z35_1086	1358.33799514802	0.809484470367228	0.230356028163827	3.51405811612418	0.000441316248768242	0.00264401494496633	FALSE
F9Z35_1091	2015.00952338256	0.759584775307771	0.231364693050523	3.28306261985229	0.00102685853058427	0.00529765651005975	FALSE
F9Z35_1099	984.131246765302	0.32792150197195	0.130653333017846	2.50985944558459	0.0120779224713983	0.0388585757623098	FALSE
F9Z35_1102	830.433924863351	-1.68369164425403	0.250560372676026	-6.71970442201985	1.82093557522563e-11	9.30042845046492e-10	TRUE
F9Z35_1106	1009.93126045877	0.45493843109874	0.139195710118686	3.26833657956006	0.00108181631223517	0.00551159782019064	FALSE
F9Z35_1108	5747.04171221334	-1.43202240489576	0.229859621375918	-6.22998679073694	4.66474504630946e-10	1.76527141754286e-08	TRUE
F9Z35_1112	542.519175264882	-0.679994080995166	0.19439869191342	-3.4979354763252	0.000468874553675691	0.00276412763869746	FALSE
F9Z35_1118	2009.69096915487	-0.968238718242221	0.13388444504921	-7.23189850685295	4.76288109536542e-13	2.7801617365233e-11	FALSE
F9Z35_1123	5693.80963923301	0.759193865705322	0.205324702550451	3.69752814091513	0.000217709091231505	0.00148259891128655	FALSE
F9Z35_1125	983.41552152926	-0.841456911253779	0.236304449916628	-3.56090167388155	0.000369583472423225	0.00227427419927906	FALSE
F9Z35_1127	305.42704625146	0.926269841914003	0.270352928028504	3.42615058275361	0.000612200879862745	0.00340797383531223	FALSE
F9Z35_1135	314.704280218627	0.640855245198691	0.183462252392289	3.4931177222679	0.000477415992969162	0.00279473029695129	FALSE
F9Z35_1136	954.36007970047	0.823767163375903	0.2072018913249	3.97567395793799	7.01802212967239e-05	0.000580478510563591	FALSE
F9Z35_1137	624.336250566225	1.29441491647602	0.262385406704081	4.93325803723477	8.08692056096136e-07	1.26118921420184e-05	TRUE
F9Z35_1139	886.497007222545	0.508700691294087	0.204216618758329	2.49098576985101	0.0127389221815865	0.0405661305614522	FALSE
F9Z35_1142	758.597441936418	1.00814311255966	0.258490500488109	3.90011667993979	9.61463403645221e-05	0.000752593767680914	TRUE
F9Z35_1146	1538.45144330441	0.756956152216833	0.18177671967878	4.16420845064462	3.12434576668137e-05	0.000301670852093542	FALSE
F9Z35_1153	5070.69019750666	-0.579743025893215	0.17377172624217	-3.33623333571123	0.000849218549642394	0.0045181080648943	FALSE
F9Z35_1154	2758.86013969404	0.807162515526011	0.138722648559288	5.81853449244838	5.93658104463269e-09	1.75774421364994e-07	FALSE
F9Z35_1157	842.07946702547	-0.745577406142152	0.146088640982012	-5.10359601629777	3.33259303476492e-07	5.86938583622821e-06	FALSE
F9Z35_1159	1990.60760292426	-1.28720065878711	0.209327852962261	-6.14920872006067	7.7870450584299e-10	2.69642933124954e-08	TRUE
F9Z35_1161	2567.62699969864	0.767074328581376	0.241780254291238	3.17260948719737	0.00151075583067501	0.00717784688853265	FALSE
F9Z35_1162	222.078896105142	1.14853826364386	0.223206123878856	5.14563957155237	2.66610887614759e-07	4.77794774909608e-06	TRUE
F9Z35_1171	22472.8218022893	0.612883598827285	0.137086081255343	4.47079377581522	7.79298159281374e-06	9.15003528397614e-05	FALSE
F9Z35_1172	7657.38068304403	0.620030235688358	0.183621914609771	3.37666795930122	0.000733695616121399	0.00399103902232254	FALSE
F9Z35_1185	650.571975956068	-0.379109293113608	0.146463275495559	-2.58842560929277	0.00964157699434666	0.0325582509081822	FALSE
F9Z35_1192	907.37065999002	0.39759037565599	0.147707040134797	2.69174966401838	0.00710782754802115	0.0255207235160056	FALSE
F9Z35_1193	779.00030501	0.557787886227913	0.195693074699633	2.85032000792084	0.0043675262355812	0.0171264032615977	FALSE
F9Z35_1197	152.465494850563	-0.985417108381138	0.283311014035122	-3.47821672848545	0.000504761629717887	0.0029296250270274	FALSE
F9Z35_1199	1992.60214556595	-0.462944355949163	0.139064095926409	-3.32899986056895	0.000871584480133953	0.00460115527884668	FALSE
F9Z35_1200	28716.3981772423	1.04646426341223	0.277213265426818	3.7749429552046	0.000160044283553652	0.00114726481157934	TRUE
F9Z35_1201	162.417243938332	-1.2948622542619	0.321904823035004	-4.02250032184542	5.75835755082219e-05	0.000496384999001255	TRUE
F9Z35_1206	763.937668968819	-0.718424400499456	0.222287136716847	-3.2319656958585	0.00122941814143644	0.00605229219989071	FALSE
F9Z35_1207	669.613639339077	-1.59946306850052	0.186079632237979	-8.59558377917983	8.28425581396893e-18	1.12831564186257e-15	TRUE
F9Z35_1211	2095.18914255258	-0.787044192157784	0.228451519806981	-3.44512565651898	0.000570793978668678	0.00320365961104426	FALSE
F9Z35_1212	4010.12000682621	-0.639637452294792	0.19091168888182	-3.35043629879963	0.000806843648542189	0.00432646082407268	FALSE
F9Z35_1218	55708.4692145617	1.00807002622657	0.316398288874365	3.18607926045659	0.00144215081721662	0.00686786508059103	TRUE
F9Z35_1224	15497.7857017801	-0.582345013971654	0.160470956790129	-3.62897452361594	0.000284549317535869	0.00183966536622082	FALSE
F9Z35_1229	1238.62136441598	-0.821399789147311	0.22135694050396	-3.71074784136989	0.00020664786790184	0.00142628916933601	FALSE
F9Z35_1233	629.287631541363	-0.432375095877837	0.156017581058969	-2.77132290440021	0.00558290322119151	0.0208814830180994	FALSE
F9Z35_1241	2542.72895765044	-0.507966636404507	0.172780095538198	-2.93996038619047	0.0032825421094643	0.0135753715174809	FALSE
F9Z35_1243	474.57371925892	-1.33171780282179	0.256145936744983	-5.19905886364945	2.0030009247479e-07	3.72011899023633e-06	TRUE
F9Z35_1246	29946.8692795218	1.30384611264561	0.273668952372051	4.76431871918393	1.89492787103362e-06	2.68842891702895e-05	TRUE
F9Z35_1247	5997.54262256622	1.53399839589675	0.291979448595833	5.25378893368678	1.49001627760468e-07	2.89454603456364e-06	TRUE
F9Z35_1248	12719.4798153113	1.66930188081477	0.27461093378554	6.07878884428699	1.21093694075086e-09	4.12324028325669e-08	TRUE
F9Z35_1249	3989.60266444699	-0.99436649957578	0.196013575062918	-5.07294711224261	3.91701392203283e-07	6.72475583421266e-06	FALSE
F9Z35_1250	4479.79505569429	-0.750430174049452	0.2978372675474	-2.51959796780644	0.0117488940568642	0.0379877958743953	FALSE
F9Z35_1251	1241.52083146217	-1.31525260177437	0.174884744782005	-7.52068228371684	5.44911219659415e-14	3.83880559229029e-12	TRUE
F9Z35_1254	732.222015292296	-0.466823075999458	0.138262320762079	-3.3763578784618	0.000734523089766655	0.00399103902232254	FALSE
F9Z35_1261	2178.8589161981	-0.666257611497003	0.142891128273225	-4.66269403530104	3.12096590000535e-06	4.06123142274581e-05	FALSE
F9Z35_1269	2724.28607184459	0.441783841313285	0.142543390910908	3.09929375532681	0.00193982582808425	0.00861535688429593	FALSE
F9Z35_1270	2443.10666868156	0.62068506855181	0.160658180800274	3.86338912503577	0.000111824661278799	0.000855647127313056	FALSE
F9Z35_1275	2239.24456765034	0.456455676453799	0.154308056926932	2.95808064429156	0.00309561125880439	0.0128543369954012	FALSE
F9Z35_1276	2328.32274200261	0.601608018460279	0.230123014654075	2.61428879403751	0.00894134232354366	0.0305470942591968	FALSE
F9Z35_1289	3856.69315063832	0.531655290608398	0.211900725378205	2.50898287233084	0.0121079355072778	0.038893887171963	FALSE
F9Z35_1290	7860.21887392797	0.606489662960287	0.160334699251318	3.78264758528434	0.000155169033574722	0.00111876322854938	FALSE
F9Z35_1292	604.193752585842	-0.491748033452587	0.189366895075395	-2.5968004241544	0.0094096579204794	0.0319334404178396	FALSE
F9Z35_1297	539.940097061876	0.738888337853021	0.184974144547806	3.99454929043912	6.48174364353782e-05	0.000544946595215958	FALSE
F9Z35_1299	6606.59238085249	0.716881356371083	0.132601627137476	5.40627873010825	6.43476338083742e-08	1.41357221366138e-06	FALSE
F9Z35_1305	34.2543984947138	0.871809624670759	0.332397568099671	2.62279182623064	0.00872125426758186	0.029940170157242	FALSE
F9Z35_1310	4535.25753407717	0.645431765545038	0.220344236052202	2.92919740996596	0.00339838514449804	0.0139136289583357	FALSE
F9Z35_1312	5572.88257831357	0.44822837872938	0.159585990988216	2.80869502362822	0.00497427438992107	0.0190483655996511	FALSE
F9Z35_1324	167.177829910316	-1.20437157957914	0.261298159733122	-4.60918508117023	4.04250348317598e-06	5.04158346034032e-05	TRUE
F9Z35_1325	3143.59724874231	-1.08355404720316	0.36929079075995	-2.93414857428033	0.00334464065282481	0.0137210860516488	TRUE
F9Z35_1329	4938.05761534159	-0.390689799353721	0.160950539451487	-2.42739043115467	0.0152078797698226	0.0463175001091368	FALSE
F9Z35_1330	5950.53038538762	-0.442481587350555	0.115540097169618	-3.82967989633046	0.000128310055039834	0.000960210411891509	FALSE
F9Z35_1331	2032.00978577454	-0.515739097000248	0.181042691377611	-2.8487153669437	0.00438961323571031	0.0171800380087283	FALSE
F9Z35_1355	1129.24306243025	-0.998017257944343	0.307919043288379	-3.24116770202374	0.00119041130670243	0.00592204013092474	FALSE
F9Z35_1356	1412.06887529187	-0.962844036717372	0.248291244591426	-3.87788155116695	0.000105369993875455	0.000809289088299081	FALSE
F9Z35_1365	228.08849639983	-0.662274301899522	0.221626382799789	-2.98824667683089	0.00280582992679263	0.0119119333058712	FALSE
F9Z35_1367	25.6249118468453	-1.22434555769649	0.393408938932329	-3.11214473422804	0.00185733415219883	0.00838774215600326	TRUE
F9Z35_1368	76.8437935241066	1.09641179671932	0.297626715822261	3.68384872201487	0.000229738618271533	0.00155415893088987	TRUE
F9Z35_1371	893.901437075999	-0.620939689390494	0.225399764245552	-2.75483735073494	0.0058721318909383	0.0216939700780957	FALSE
F9Z35_1387	415.916392248818	-1.63921787790223	0.264608136070404	-6.19488841970484	5.83263345102065e-10	2.1047272566074e-08	TRUE
F9Z35_1400	1537.97001363067	0.934375438030585	0.31459060728928	2.97013139102207	0.00297672402575268	0.0124619819356818	FALSE
F9Z35_1403	330.37920664523	-1.49204134938311	0.274037211645527	-5.44466695024286	5.19024044952461e-08	1.16523749872294e-06	TRUE
F9Z35_1421	1196.66348017227	0.440391458999592	0.179636524844023	2.45156968707773	0.0142234642151238	0.0440948974074322	FALSE
F9Z35_1424	1269.56029698557	-0.724949545135897	0.181230565932529	-4.00015053424151	6.33022037315743e-05	0.000536624075616623	FALSE
F9Z35_1439	392.630766518807	0.560800791781103	0.192416318078792	2.91451784017332	0.00356238447182689	0.014497911306658	FALSE
F9Z35_1440	890.934216106706	0.866724198556435	0.188621115117731	4.5950539419484	4.32637334993962e-06	5.3568368205616e-05	FALSE
F9Z35_1443	19.5953620291243	-0.964501806336182	0.382811683615447	-2.51952029579398	0.0117514865357895	0.0379877958743953	FALSE
F9Z35_1444	1365.09195047862	-0.848079685741463	0.265285027077233	-3.19686223940019	0.00138931261162166	0.0067259849894385	FALSE
F9Z35_1447	1344.03754353629	-0.749695955237197	0.284289805636216	-2.63708349850759	0.00836222452494236	0.0291039603142372	FALSE
F9Z35_1448	644.452142801718	-1.01926043236392	0.177453554311098	-5.74381525532607	9.2566779519425e-09	2.62658236886368e-07	TRUE
F9Z35_1449	11539.679277895	-2.13283975539608	0.353838238127257	-6.02772545636804	1.66283199749374e-09	5.47929963045113e-08	TRUE
F9Z35_1453	96765.1341411475	-0.393609627078399	0.155191060831625	-2.53629058896276	0.0112033725957017	0.0367119163599243	FALSE
F9Z35_1457	139.773037335205	-2.03487788230956	0.268118304435271	-7.58947766209234	3.21197638137852e-14	2.3435956239844e-12	TRUE
F9Z35_1458	240.884453958804	-1.42475291202664	0.239807959963956	-5.94122443742395	2.82900973670077e-09	8.75707104860555e-08	TRUE
F9Z35_1459	37.1455176241558	-1.49371300434715	0.445153242047146	-3.35550292182067	0.000792208196568461	0.00425916143576149	TRUE
F9Z35_1460	68.7802157215559	-0.880935727665517	0.303428443920348	-2.90327339218326	0.00369284110745883	0.0149691952034492	FALSE
F9Z35_1462	527.86218890181	-0.925145557297947	0.156208782608897	-5.92249386908195	3.17095631682311e-09	9.66905038099943e-08	FALSE
F9Z35_1463	774.722326737101	0.445389094892811	0.175627402400341	2.53598862595229	0.0112130375959827	0.0367119163599243	FALSE
F9Z35_1466	1601.57082943794	-0.852245387703696	0.255800267532246	-3.33168294124736	0.000863225422720541	0.00458070010030666	FALSE
F9Z35_1467	3328.08408689719	-1.1940249631698	0.310376438557536	-3.84702192189263	0.000119562275209888	0.000906713534995632	TRUE
F9Z35_1468	2443.35659440515	-0.788424580213353	0.169294358969897	-4.65712257047825	3.20659552462624e-06	4.14624978279202e-05	FALSE
F9Z35_1469	1741.44632174113	-0.630170646453254	0.211094670998166	-2.98525132573683	0.00283345416381847	0.0119355605292394	FALSE
F9Z35_1470	1102.14165701973	1.17426116961931	0.354980417591277	3.30796041535832	0.000939780921860935	0.00488542601364349	TRUE
F9Z35_1471	3203.73766265299	0.644250007599039	0.182631175028088	3.52760150341231	0.000419342947187809	0.00252840190916923	FALSE
F9Z35_1490	5530.12865931245	0.812943227887657	0.185250501386905	4.38834562822469	1.14216162009585e-05	0.000128210779662408	FALSE
F9Z35_1492	2688.77940663607	0.486327897341864	0.134185702082421	3.62428999360264	0.000289756348713763	0.00186154786296295	FALSE
F9Z35_1496	3947.24487551939	0.434168553272553	0.168979027366292	2.5693635478882	0.0101885507908887	0.0339009922895531	FALSE
F9Z35_1498	2961.21877039289	0.623505024831874	0.175756749799188	3.54754526096019	0.000388838935164896	0.00237843695970623	FALSE
F9Z35_1499	1990.88982577098	0.806952835808875	0.178353799332738	4.52444993506093	6.05527841196765e-06	7.27701987979407e-05	FALSE
F9Z35_1500	6214.59005432452	0.360317655512551	0.118679029853465	3.03606842723133	0.00239684962526838	0.0104186463498368	FALSE
F9Z35_1510	57.9608001002561	0.591415221405099	0.246417709682137	2.40005161223187	0.0163927603289789	0.0492506019883881	FALSE
F9Z35_1512	1361.06939480993	-0.582369648963285	0.171014470302035	-3.40538229270739	0.000660714896324843	0.00362701522878186	FALSE
F9Z35_1515	1979.15144307655	-0.515513524532091	0.171544454410668	-3.00513080590748	0.00265466657102718	0.0113938735390936	FALSE
F9Z35_1520	1336.23752421447	-0.442271310323628	0.147257026181436	-3.0033969977005	0.00266983906832599	0.011411048570272	FALSE
F9Z35_1523	526.37124692687	1.22786778320308	0.168058679808495	7.30618486710863	2.74833990880802e-13	1.6514289510867e-11	TRUE
F9Z35_1524	12396.6174504208	0.79146301317815	0.160250073993086	4.93892447882612	7.85546255931181e-07	1.24408604718403e-05	FALSE
F9Z35_1525	6057.36442741582	0.768542296068517	0.211757169613649	3.62935667052371	0.000284128437583227	0.00183966536622082	FALSE
F9Z35_1528	3630.1502405742	0.736387853421773	0.180937514117984	4.06984619530915	4.70441849949501e-05	0.000424012438571795	FALSE
F9Z35_1532	2056.16519127398	0.412805941023283	0.158685733092653	2.60140551376635	0.00928426363968672	0.0315603171645257	FALSE
F9Z35_1541	4427.62337254136	0.377662364987605	0.105106597053217	3.59313664009489	0.000326721146082606	0.00206653653698688	FALSE
F9Z35_1542	4555.38856577393	0.887487255025759	0.119783590351753	7.40908877768308	1.27170157727687e-13	8.11901975742701e-12	FALSE
F9Z35_1546	3608.70243048248	0.331229199955379	0.130148213134353	2.54501534810507	0.0109272935183869	0.0360303511929687	FALSE
F9Z35_1549	82.7306685044183	1.19185921924345	0.438153498005188	2.7201864749904	0.00652451111866471	0.0237603854107522	TRUE
F9Z35_1550	1630.2805469917	0.452465296090715	0.135884285815333	3.32978381845873	0.000869134354746051	0.00460010747861705	FALSE
F9Z35_1552	1235.0048993057	0.510873805751836	0.212397004257543	2.40527783119	0.0161601746800632	0.0486950396332878	FALSE
F9Z35_1553	2434.045228197	0.302728342598148	0.124388863106121	2.4337254561116	0.0149443253357994	0.0457935162522434	FALSE
F9Z35_1554	417.19386048183	0.931366471682409	0.261456513684332	3.56222324912849	0.000367727468799008	0.00226968948264766	FALSE
F9Z35_1555	195.580191737692	0.827023057892701	0.235534068875632	3.5112672312785	0.000445975835552035	0.00265659694609253	FALSE
F9Z35_1556	737.042147934723	0.497668311630456	0.179424477570225	2.77369241014328	0.00554240542644198	0.020814585084965	FALSE
F9Z35_1557	151.328457291023	0.936498796691603	0.197244533004391	4.74790749546784	2.05531995554727e-06	2.89587494426419e-05	FALSE
F9Z35_1563	390.77967582099	-1.03164747623345	0.166527147769995	-6.19507083408618	5.8258823947246e-10	2.1047272566074e-08	TRUE
F9Z35_1564	8016.79891983736	0.842731012982352	0.257767203372076	3.26934924985746	0.00107795159684931	0.00550563778090787	FALSE
F9Z35_1570	5912.69865654794	-0.752642223952735	0.282026241308196	-2.66869572299924	0.00761463986106308	0.0270551464976554	FALSE
F9Z35_1572	619.109407766943	0.728685795656926	0.297532691960095	2.44909489056973	0.0143215712636273	0.0442647051309995	FALSE
F9Z35_1573	3235.68799354262	-0.724137219933914	0.209723009317139	-3.45282676560723	0.000554745135763925	0.00313078539327541	FALSE
F9Z35_1574	3239.26120068163	1.27288984777932	0.166697109273727	7.63594433835776	2.24171163068461e-14	1.76146802364948e-12	TRUE
F9Z35_1577	3459.9920949142	-0.708435167442711	0.176984981155252	-4.00279821947868	6.25976879313242e-05	0.000532862818515397	FALSE
F9Z35_1584	32803.2148366016	-1.81816673872752	0.286859808066844	-6.33817177449916	2.32507527685906e-10	9.50025758124613e-09	TRUE
F9Z35_1585	419.427244744318	-1.04349418951632	0.369148659785427	-2.82675871049583	0.00470217440363759	0.0182172421964542	TRUE
F9Z35_1590	1861.15603416873	0.470302959670016	0.14255957456943	3.29899244642432	0.000970325222245691	0.00501866944062772	FALSE
F9Z35_1601	536.835174711505	-0.776040776183439	0.319716038166061	-2.42728134827057	0.0152124535356	0.0463175001091368	FALSE
F9Z35_1606	3710.75757943519	-1.54273661003114	0.220549043475064	-6.99498209433664	2.6529280871618e-12	1.46484650866799e-10	TRUE
F9Z35_1615	3893.02917829467	-0.561736545028048	0.211003801553887	-2.66221054261238	0.00776293048979491	0.0273694117671192	FALSE
F9Z35_1618	450.095286564754	1.13646556400302	0.242038152585394	4.69539843972351	2.6608754830951e-06	3.55305138036817e-05	TRUE
F9Z35_1619	900.191223444678	0.77233977177633	0.187028301291865	4.12953422792983	3.63498886488043e-05	0.00034065514912618	FALSE
F9Z35_1622	1293.49404217371	0.73077309342851	0.259630152709159	2.81466958210795	0.00488274082714459	0.018786138436641	FALSE
F9Z35_1625	499.985493484012	-1.83584918209942	0.188793168147391	-9.72412932159797	2.3793215484656e-22	5.40105991501691e-20	TRUE
F9Z35_1626	309.408911128407	-1.18010175548771	0.132432122350029	-8.91099330394028	5.05773715030497e-19	8.91542567129174e-17	TRUE
F9Z35_1627	980.671229826529	-1.96012534616585	0.156443584912053	-12.5292791472898	5.1629806339562e-36	2.63699235879313e-33	TRUE
F9Z35_1628	103.852108394224	-1.19308688308363	0.220401608123984	-5.41324037169672	6.18943133645504e-08	1.37445741525844e-06	TRUE
F9Z35_1629	66.576346693717	-1.20277673939327	0.276601574983082	-4.34840886016948	1.37128782444499e-05	0.000149815028093108	TRUE
F9Z35_1631	182.265928216917	-0.705680691499628	0.251523638517307	-2.80562374041464	0.00502192951550059	0.0191772000003135	FALSE
F9Z35_1634	1076.77176369715	-0.908791860122908	0.160538094632203	-5.66091096449709	1.50571538166348e-08	4.04760069044537e-07	FALSE
F9Z35_1643	1442.5642976868	1.04386810860124	0.160594717044697	6.50001524216214	8.03118741173449e-11	3.56689475699425e-09	TRUE
F9Z35_1648	545.324183269603	-0.566781333684937	0.218579881796943	-2.5930169282984	0.00951380876110915	0.0322333520712205	FALSE
F9Z35_1649	2746.19904926129	-0.733882348669859	0.131045279986293	-5.60021962444296	2.14080401185384e-08	5.5362817673638e-07	FALSE
F9Z35_1655	2012.36697982805	-0.64932509934748	0.261634260967605	-2.48180455016126	0.0130718952933171	0.0414044683476694	FALSE
F9Z35_1658	14577.2650822719	-1.5834181139496	0.181987327661231	-8.70070534195176	3.29827652579551e-18	4.81312781585731e-16	TRUE
F9Z35_1659	4100.51953221663	-0.984175703628141	0.316469919887512	-3.10985544527569	0.00187178923798827	0.00842305157094721	FALSE
F9Z35_1661	10356.6378281165	-0.988526397029285	0.188117800713897	-5.25482646128053	1.48164110764683e-07	2.89454603456364e-06	FALSE
F9Z35_1662	563.675660619403	-0.875616741127644	0.15947428745445	-5.49064526391278	4.00467962417431e-08	9.29722780930467e-07	FALSE
F9Z35_1665	101.630972240817	-1.09551665760156	0.298122181389963	-3.67472374076236	0.000238106909260109	0.00157939095980001	TRUE
F9Z35_1668	3688.88328776247	0.596867485553039	0.236687097326075	2.52175759598233	0.0116770144356088	0.03786688966976	FALSE
F9Z35_1670	358.834978240566	-2.32213278742369	0.304943675827056	-7.6149563722733	2.63780551203146e-14	1.99593950410381e-12	TRUE
F9Z35_1671	261.715064827474	-0.733572818383708	0.220938972490125	-3.32025088247613	0.000899365858761829	0.00469924411624148	FALSE
F9Z35_1677	2245.11471005328	0.935778558940168	0.178471264568407	5.24330099415801	1.57728916335276e-07	2.98370533400897e-06	FALSE
F9Z35_1678	1205.73543472647	-0.543275471725655	0.17497212230847	-3.10492588509544	0.00190326708688045	0.00854587837032257	FALSE
F9Z35_1687	1931.78219976564	1.15550674580505	0.22022098996405	5.24703274648655	1.54568433675285e-07	2.95124588783745e-06	TRUE
F9Z35_1689	2503.08928532721	0.812852343145158	0.16559265228024	4.90874644467636	9.16603935381014e-07	1.41865290907834e-05	FALSE
F9Z35_1693	2587.93906362329	0.50952027259201	0.133893448043276	3.80541602324954	0.000141566040614942	0.00103292650348688	FALSE
F9Z35_1694	1781.45219142772	0.473908281428552	0.148598720441014	3.18918144128077	0.00142676295041835	0.00682618559790859	FALSE
F9Z35_1695	506.928983592927	0.804323465856541	0.1916724951687	4.1963426476429	2.71259766462799e-05	0.000269021214991989	FALSE
F9Z35_1696	1605.66812703865	0.718110201129471	0.195993790800203	3.66394362901791	0.000248361468014502	0.0016420792205619	FALSE
F9Z35_1697	16132.9499993827	0.48121082394617	0.190066825708372	2.53179807761146	0.0113479319255209	0.0370718773001256	FALSE
F9Z35_1698	3755.49612550045	-0.817140790459467	0.146565425141546	-5.57526299036972	2.47156194602944e-08	6.31175131967268e-07	FALSE
F9Z35_1702	1256.02856008546	-0.404328756770542	0.159350711142075	-2.53735144244225	0.0111694762401811	0.0366868809625241	FALSE
F9Z35_1704	1418.17778925536	-0.533471714013116	0.170083884810087	-3.13652122074224	0.00170965063939259	0.00786670327990781	FALSE
F9Z35_1706	5158.28036228763	-1.2609818456152	0.222450556530166	-5.6685938002776	1.43974243255086e-08	3.92185838626854e-07	TRUE
F9Z35_1710	918.807842044303	0.367116372532012	0.150394041591709	2.44103003447878	0.0146454366848367	0.0450611854625323	FALSE
F9Z35_1711	875.276838847338	0.788800001814574	0.148713676125895	5.30415239783868	1.13197717377224e-07	2.28973204556109e-06	FALSE
F9Z35_1715	2632.13680855438	-1.46286414354506	0.290616780357133	-5.03365339657051	4.81219409949391e-07	8.12505169030253e-06	TRUE
F9Z35_1716	263.508656644568	0.627223290176684	0.191108335229639	3.2820300036783	0.00103062638143541	0.00530370200824316	FALSE
F9Z35_1718	434.892520368463	0.904561720162256	0.309185661171545	2.92562635904509	0.00343763539026581	0.0140181419207845	FALSE
F9Z35_1719	133.384227907871	0.926021198386542	0.249352021781279	3.71371040736461	0.000204242502449561	0.00141446587289645	FALSE
F9Z35_1720	35.8047688713992	1.15702763237312	0.320240044225924	3.61300110100179	0.000302673417972344	0.00193843822231191	TRUE
F9Z35_1723	1056.58292179207	-0.464397854252284	0.16460835872812	-2.82122887221858	0.00478400579413917	0.0184409883725025	FALSE
F9Z35_1727	5527.07270839104	0.821530148145329	0.192868947547941	4.25952522990318	2.04861575405391e-05	0.000211379898259199	FALSE
F9Z35_1736	1829.44145921213	-0.913129903163916	0.254300084713629	-3.59075736916173	0.000329718468018135	0.00207905811778102	FALSE
F9Z35_1737	89.8280691876145	-0.784356970128924	0.23698141308975	-3.3097826530044	0.000933684420192412	0.00486611548584974	FALSE
F9Z35_1738	12.338694097375	-2.39324987846495	0.575876805281155	-4.15583655482793	3.24099465625046e-05	0.000307969864312544	TRUE
F9Z35_1739	441.123017221195	0.601429835642615	0.160501387141475	3.74719400470028	0.000178823778803967	0.00126414179964189	FALSE
F9Z35_1743	305.837990742657	-0.962416931539922	0.274191579842429	-3.51001636189193	0.000448079120895435	0.00266112105810865	FALSE
F9Z35_1745	21700.6149530421	1.37907405606324	0.2492651189125	5.53255931708336	3.15591664002167e-08	7.76811770549912e-07	TRUE
F9Z35_1746	458.142541370517	-1.6661094794116	0.336504399734907	-4.95122643485237	7.3747234042328e-07	1.17707499334747e-05	TRUE
F9Z35_1749	2210.75563849536	1.10836703915683	0.309524306526622	3.58087237669491	0.000342448905107896	0.00214657298665253	TRUE
F9Z35_1753	8908.45017841797	0.703861885995867	0.280760168100792	2.50698626787822	0.0121765442153901	0.0390528725777738	FALSE
F9Z35_1754	750.478184240147	0.673405667558222	0.216181810539342	3.11499689024795	0.00183946849141597	0.0083511869510285	FALSE
F9Z35_1758	16.31763181692	3.11279748633611	0.541457110646802	5.74892715439215	8.98114993756271e-09	2.58429427076628e-07	TRUE
F9Z35_1759	428.572150503056	-2.26995021947565	0.244295476723664	-9.29182254996604	1.51668632052387e-20	3.09859015283026e-18	TRUE
F9Z35_1760	2780.50277604727	-4.25672275819751	0.353821778449683	-12.0306974230046	2.45081685798759e-33	1.00140376817373e-30	TRUE
F9Z35_1763	376.803679747889	-0.861906703925029	0.216321348759748	-3.98438114807745	6.76562078240064e-05	0.000561876555221321	FALSE
F9Z35_1773	80.4666742038329	-1.25930436154634	0.291456415182223	-4.32072960466147	1.55514144456214e-05	0.00016461937674821	TRUE
F9Z35_1777	2699.58695678318	-0.595056479017886	0.216916580841552	-2.74325031636262	0.00608342923499681	0.0223935962650423	FALSE
F9Z35_1778	3553.36736268522	-1.13391139348276	0.210325345300257	-5.39122563599743	6.99787401151794e-08	1.50820062649646e-06	TRUE
F9Z35_1779	449.741885818412	0.653269955969402	0.178947117802247	3.65063133730562	0.00026159649979634	0.00171846189416052	FALSE
F9Z35_1786	846.019631136015	-1.13432547408818	0.204622833855102	-5.54349410922257	2.96494653260067e-08	7.41207452304066e-07	TRUE
F9Z35_1787	111.98935971171	0.619857786279619	0.240130499695865	2.58133717734604	0.00984184050736673	0.0331796702253304	FALSE
F9Z35_1788	1031.55319093009	-2.00743164509363	0.251372571828288	-7.98588179487179	1.39521332372976e-15	1.42521041018995e-13	TRUE
F9Z35_1794	9579.93292702214	1.05644082857713	0.245193795340649	4.30859527709259	1.64294698682699e-05	0.000173017561550904	TRUE
F9Z35_1795	197.982381225932	-1.00647522777303	0.232099388954999	-4.3363975765062	1.44836869267825e-05	0.000156561758684744	TRUE
F9Z35_1796	77.3947380056106	-1.04331492549745	0.268626411255854	-3.88388811293667	0.000102799227578764	0.000792523856390249	TRUE
F9Z35_1805	7615.04029186512	0.531539413333386	0.212292633444066	2.50380526497842	0.0122865638341612	0.0393439653811776	FALSE
F9Z35_1806	1244.2646439093	1.09079164772371	0.326324087283454	3.34266359803288	0.000829784265719484	0.00442623826335485	TRUE
F9Z35_1807	793.51430886804	0.515125868021334	0.178807959793331	2.88088890794751	0.00396555385251181	0.0158628762991923	FALSE
F9Z35_1811	1225.59716898243	0.403038700933255	0.162812307891816	2.47548054660008	0.0133057010190785	0.0420797943993457	FALSE
F9Z35_1814	1343.73810748224	0.787851016178954	0.224379538969269	3.5112426908358	0.000446017010528506	0.00265659694609253	FALSE
F9Z35_1818	1274.66995061065	-0.660007700540341	0.202116853660985	-3.26547583036982	0.00109280331155496	0.00553994333872648	FALSE
F9Z35_1824	1010.40998192781	0.54266514470038	0.172809978367982	3.14024195723714	0.00168808349285728	0.00780261216268649	FALSE
F9Z35_1825	7140.10063768511	-2.66389134238096	0.208261182775935	-12.7911082942759	1.8383341587466e-37	1.25190556210644e-34	TRUE
F9Z35_1835	615.461191738154	0.92607823501742	0.231910019904966	3.99326529917473	6.51695824466788e-05	0.00054566170876461	FALSE
F9Z35_1844	528.455451269032	-0.561530027013387	0.20859028991405	-2.69202381014363	0.00710198747773323	0.0255207235160056	FALSE
F9Z35_1845	603.868729517613	0.661654377706445	0.178878618413275	3.69890143145998	0.000216534666617276	0.00147953285584981	FALSE
F9Z35_1848	171.754222664179	-0.87086380236185	0.285069693993489	-3.05491541440999	0.00225124004323338	0.00984857260883469	FALSE
F9Z35_1851	762.552453360974	-1.51593787324116	0.317937259936685	-4.76804094475446	1.86025982470266e-06	2.65769987543185e-05	TRUE
F9Z35_1856	8796.31438804824	0.652789831525981	0.166580445806482	3.91876626554554	8.90033713003164e-05	0.000704782509947854	FALSE
F9Z35_1886	39.6637416632379	1.01680865055047	0.386887657321698	2.62817546982378	0.00858442222010819	0.0295749993181805	TRUE
F9Z35_1887	165.1233070086	0.631809264360835	0.157800378544598	4.00385138608697	6.23195223355464e-05	0.000532714577956156	FALSE
F9Z35_1890	1260.46927072665	0.415706491914149	0.170377092758098	2.43992009245264	0.0146905110055261	0.0451319007282554	FALSE
F9Z35_1893	2013.28430004028	0.442119510713961	0.184011737206814	2.40267016346385	0.0162758602631932	0.048971402824306	FALSE
F9Z35_1895	146.075053230073	-1.10851705479797	0.382597110319055	-2.89734821539439	0.00376331793112956	0.0152246703629657	TRUE
F9Z35_1896	5181.50639354556	-0.364110137268933	0.141576896648799	-2.57181889056487	0.0101165798771518	0.0337164317928565	FALSE
F9Z35_1897	1374.14147245214	-0.555191137095826	0.129601348343572	-4.28383766212075	1.83696966460808e-05	0.0001924578987074	FALSE
F9Z35_1898	3400.10817917056	3.69591729282225	0.309529288379805	11.9404445122725	7.28329118265948e-33	2.47996064769555e-30	TRUE
F9Z35_1899	21008.9549048266	1.73550589931917	0.326512969823089	5.31527400047692	1.06496952915257e-07	2.17573274805869e-06	TRUE
F9Z35_1900	1787.08014333376	2.06087820263841	0.241329928627493	8.5396710402194	1.34604482014023e-17	1.71873097971655e-15	TRUE
F9Z35_1901	710.934840372868	1.96552543673318	0.255230622096738	7.70097812161508	1.35028610403085e-14	1.10345380421401e-12	TRUE
F9Z35_1902	485.327732757909	1.32193142712977	0.292616696845286	4.51762131615036	6.25381985406842e-06	7.4716689835449e-05	TRUE
F9Z35_1908	5174.21866915379	0.931349709919241	0.174004641856847	5.35244175086697	8.6775240875117e-08	1.81187938867514e-06	FALSE
F9Z35_1911	5579.81740712087	0.606622431923464	0.159781765763537	3.79656858230753	0.000146712787286671	0.00106666983781733	FALSE
F9Z35_1912	3004.79798079754	0.598443832247998	0.220196431829941	2.71777261454527	0.00657229880060686	0.0238918264228466	FALSE
F9Z35_1915	7874.58362403587	-1.13814820421117	0.182689855338838	-6.22994748175931	4.66591564108244e-10	1.76527141754286e-08	TRUE
F9Z35_1919	3603.3954931242	-0.642502225709696	0.182737110204076	-3.51599204448492	0.00043811411178986	0.00263255038349025	FALSE
F9Z35_1921	871.042861523797	-1.06485661274625	0.232781445649741	-4.57449093407773	4.77379277462179e-06	5.84003511290558e-05	TRUE
F9Z35_1923	1586.94692616519	-0.599577004858462	0.155877057875588	-3.84647370838246	0.000119829982598542	0.000906713534995632	FALSE
F9Z35_1924	1758.78060241931	-0.731537195333888	0.198749318785981	-3.68070290656759	0.000232591885286997	0.00155798433325028	FALSE
F9Z35_1926	6667.29303265554	-0.795443646134406	0.227426212433214	-3.49758999907716	0.000469482276372012	0.00276412763869746	FALSE
F9Z35_1936	13844.9321544728	-0.473319969474333	0.176166939684652	-2.68676955120865	0.00721467095660204	0.0258588995865578	FALSE
F9Z35_1937	19698.563754697	-0.65237397871142	0.169077559286779	-3.85843030537779	0.000114117599360795	0.000869933789157103	FALSE
F9Z35_1940	919.298913539594	-0.817038711816767	0.163221381548414	-5.00570883585139	5.56568336871556e-07	9.09655289782872e-06	FALSE
F9Z35_1941	2313.11105938144	-0.975489701556177	0.315023855750043	-3.09655819313628	0.00195781429642628	0.00865760737575518	FALSE
F9Z35_1951	1831.86119278278	-0.815177063328937	0.243769253240624	-3.34405201842366	0.000825642547550675	0.00441567467184824	FALSE
F9Z35_1952	54.237946081939	-0.554622758060766	0.20966280476773	-2.64530830194317	0.00816165172427247	0.0285518056039189	FALSE
F9Z35_1956	570.32870101588	0.500202026538872	0.164588593353476	3.03910505793448	0.00237282092267141	0.0103361900746646	FALSE
F9Z35_1957	628.850852922717	0.43185737697217	0.164062275798391	2.63227713300076	0.00848146480873786	0.0293191753033019	FALSE
F9Z35_1960	1622.65146596721	-0.857147565699601	0.212740597273652	-4.02907379543094	5.59970395745831e-05	0.000484754033266412	FALSE
F9Z35_1961	939.884355723873	-0.785306112740533	0.19359056851131	-4.05653084641183	4.98069871613611e-05	0.000442415977263743	FALSE
F9Z35_1962	60.9558456738278	-1.00566924669808	0.333023706472864	-3.01981278555023	0.0025293097600783	0.0109246931074841	TRUE
F9Z35_1965	1709.63331962261	0.406657420599232	0.146893181058942	2.76838868671555	0.00563342258105963	0.0210019750604103	FALSE
F9Z35_1966	179.029521730458	0.924667607163265	0.25500858326743	3.62602542751888	0.00028781702615667	0.00185492171747027	FALSE
F9Z35_1967	597.348433543589	0.878771637780479	0.212091224044168	4.14336633559848	3.42244580479575e-05	0.00032221459811971	FALSE
F9Z35_1970	4504.08537313211	-0.930275213650251	0.218829822466047	-4.2511354401642	2.12689493001104e-05	0.000218354087538319	FALSE
F9Z35_1978	2027.71157026659	0.693515718240816	0.14467482796905	4.79361702361366	1.63800836769888e-06	2.37336957107007e-05	FALSE
F9Z35_1979	27520.0108321597	-0.650139343050106	0.208031424831997	-3.12519776074768	0.00177685559950124	0.00810293747718979	FALSE
F9Z35_1984	871.594351407779	0.785724158171297	0.245109827842485	3.20560038366242	0.00134781025411374	0.00654056139941657	FALSE
F9Z35_1985	9758.39310302333	0.638035711180952	0.257993976054486	2.47306437513954	0.0133960010057894	0.0421695378348656	FALSE
F9Z35_1999	1708.71504132814	0.850988514168075	0.212862271560429	3.99783629071387	6.39241360403889e-05	0.000539657065828573	FALSE
F9Z35_2005	71597.4361310525	1.23717897161147	0.189645700053597	6.52363312883879	6.86244453708819e-11	3.11554981983804e-09	TRUE
F9Z35_2007	64116.1944185834	1.23672040001287	0.156506684032631	7.90202928173355	2.74398932400352e-15	2.45878360957367e-13	TRUE
F9Z35_2008	51.0472413559156	-1.15629169668279	0.362642738864809	-3.18851468059822	0.00143005748208756	0.00682618559790859	TRUE
F9Z35_2013	96554.0912035061	0.702534873661837	0.279625257581979	2.51241565135034	0.0119907765898733	0.0386390482225729	FALSE
F9Z35_2015	7144.46685457125	0.72733796222659	0.234452553587373	3.10228210824556	0.00192034858806764	0.00858978861299204	FALSE
F9Z35_2016	20.8744656452019	-1.77117066038473	0.567798384087917	-3.11936544734949	0.00181241017483864	0.00824666812292947	TRUE
F9Z35_2017	49592.1074276391	0.988732223590565	0.196572072950878	5.02987127697251	4.9080923058471e-07	8.12982235858537e-06	FALSE
F9Z35_2018	29293.5117889675	1.10068370795223	0.316038667634717	3.48275012102133	0.000496291366610592	0.00288867026206678	TRUE
F9Z35_2019	4527.36348154658	1.0463555401906	0.399025204936818	2.62227931279751	0.00873438150451112	0.029940170157242	TRUE
F9Z35_2020	43793.0946587983	1.04160100098624	0.220962213603734	4.71393268558674	2.42980961877558e-06	3.30940070077234e-05	TRUE
F9Z35_2022	5800.04123067942	1.05497885449117	0.351236471758896	3.00361420101998	0.00266793399672928	0.011411048570272	TRUE
F9Z35_2023	29352.6379163876	1.00803244065481	0.213645263219982	4.71825317099065	2.37878352062854e-06	3.26164747157322e-05	TRUE
F9Z35_2024	10270.3919900291	0.71826175612229	0.254208069097178	2.82548763567263	0.0047208709937815	0.0182320216262677	FALSE
F9Z35_2026	7566.44954660226	1.05913738262196	0.381585803015654	2.77562051379178	0.00550964757482634	0.0207679151206092	TRUE
F9Z35_2027	16412.1965679174	1.0944518803268	0.199200017755401	5.49423585730141	3.92405767929514e-08	9.21476992965514e-07	TRUE
F9Z35_2028	3606.54259859554	0.734789477685263	0.270604090951148	2.71536721822108	0.00662023179525393	0.0240233278111968	FALSE
F9Z35_2029	12568.5957322542	0.738864746625169	0.227568261353781	3.24678293110707	0.00116717372436109	0.00583016117083059	FALSE
F9Z35_2030	4823.79693422552	1.37579978016927	0.360738259437484	3.81384492544434	0.000136821340210835	0.00100958511275932	TRUE
F9Z35_2032	12954.6366211354	0.636823592142653	0.217464799153615	2.92839850229189	0.00340713052398444	0.0139215353210004	FALSE
F9Z35_2034	12783.6157209508	0.540310189862391	0.213486413493353	2.5308879428021	0.0113774190245613	0.0370718773001256	FALSE
F9Z35_2037	14727.6587624581	1.23361824599825	0.304200480160741	4.05528040372058	5.00741965648669e-05	0.000442863998190576	TRUE
F9Z35_2038	4821.09120558098	0.685243870667081	0.243998149242339	2.80839782102812	0.00497886795409382	0.0190483655996511	FALSE
F9Z35_2040	9067.3594889713	0.689575644193428	0.165311601650061	4.17136872010443	3.02775473944568e-05	0.000294557282508929	FALSE
F9Z35_2041	23899.0049976347	0.648448785416204	0.161797564931703	4.00777839697355	6.12925903834516e-05	0.000526137656106688	FALSE
F9Z35_2042	48201.7869869897	0.96158911189371	0.198140119042872	4.85307628025422	1.21560906011989e-06	1.81276591958025e-05	FALSE
F9Z35_2043	4558.26419100202	0.673467059639885	0.252011871704019	2.67236243707937	0.00753192490005603	0.0268078790432308	FALSE
F9Z35_2046	7105.92191041447	-0.649347802207226	0.178729763378097	-3.63312629040721	0.000280007882157235	0.00182765528194004	FALSE
F9Z35_2050	1172.31151750846	-0.447330023477382	0.182459925597941	-2.45166176633818	0.0142198254348127	0.0440948974074322	FALSE
F9Z35_2053	1859.25927208368	0.928851832280572	0.221282547296614	4.19758288047684	2.69778939050371e-05	0.000268857742673126	FALSE
F9Z35_2054	2961.45162348532	0.554604538682536	0.176233857751091	3.14698064128998	0.00164965883469037	0.00765966590743735	FALSE
F9Z35_2057	1331.01233624972	-0.664154957082408	0.239417558918644	-2.77404447728118	0.00553641083581432	0.020814585084965	FALSE
F9Z35_2058	2306.46561979729	0.443429392448574	0.162612259056055	2.72691244204238	0.00639300006432218	0.0233647569434888	FALSE
F9Z35_2061	5271.80831700291	0.593470215952844	0.155614078007482	3.81373088830889	0.000136884520917441	0.00100958511275932	FALSE
F9Z35_2062	6042.43899476476	0.923273960818363	0.117498395457477	7.85775803340652	3.91069814940111e-15	3.32898179967769e-13	FALSE
F9Z35_2063	4020.4980638152	0.782809590568047	0.20502948124431	3.81803429349393	0.000134519229986713	0.000999355588592202	FALSE
F9Z35_2064	6015.10148079627	0.791259708355273	0.14373782785557	5.50488149264608	3.6941668236111e-08	8.87903861251468e-07	FALSE
F9Z35_2065	7195.92982173681	0.444600134494326	0.164790834969615	2.69796639222263	0.00697644833847984	0.0251373614735702	FALSE
F9Z35_2066	659.367789064479	-0.477520175303295	0.166219033511612	-2.87283691413075	0.00406804057138459	0.016200793152707	FALSE
F9Z35_2069	192.862705442823	-0.467953888624997	0.182819317833731	-2.55965230682343	0.010477693240608	0.0347498819651982	FALSE
F9Z35_2071	153.48186950355	-0.740353824168112	0.216388497419876	-3.42141025514652	0.000622972813728712	0.00344914216381506	FALSE
F9Z35_2074	285.293498399656	0.716335226083052	0.196787101139837	3.64015335321202	0.000272475711318814	0.00178419191738569	FALSE
F9Z35_2078	15003.6725043678	0.558275766194712	0.217800454676155	2.56324426422711	0.0103699064033269	0.0344483232227593	FALSE
F9Z35_2081	1427.03277040812	-0.672051422512898	0.205988172659611	-3.26257286443064	0.00110405786500548	0.0055831441044708	FALSE
F9Z35_2082	558.28878219427	-0.943306758875731	0.308619237420263	-3.05653907630904	0.00223908293093378	0.00981640864355732	FALSE
F9Z35_2084	1120.6111621425	0.954202582004414	0.255371367692715	3.73652923828405	0.000186577762935169	0.00130989130473041	FALSE
F9Z35_2092	709.624960100697	1.88950678383387	0.315793856667179	5.98335510315282	2.18587493692521e-09	6.97772265021594e-08	TRUE
F9Z35_2094	10130.0200934973	-0.313604465659879	0.110552313933331	-2.83670648313158	0.00455814941936159	0.0177377128833443	FALSE
F9Z35_2097	3935.78899997683	-3.50730802962506	0.262203380593892	-13.3762883669958	8.31994542273961e-41	8.49882424932851e-38	TRUE
F9Z35_2101	428.894407346634	-0.550005558228671	0.19806356570438	-2.77691435208019	0.0054877637628888	0.0207236624169719	FALSE
F9Z35_2102	217.946112413506	1.26906792804415	0.400546567974562	3.16834053643606	0.00153311827531235	0.00723362733594256	TRUE
F9Z35_2106	1110.23850243985	-1.12660329231541	0.223978920727454	-5.02995232165756	4.90601817262653e-07	8.12982235858537e-06	TRUE
F9Z35_2109	1919.76879134701	0.369642789463563	0.147991488389738	2.49773006194859	0.0124991331147992	0.039899576489898	FALSE
F9Z35_2113	6330.57900303983	-0.658116188500343	0.222251634575849	-2.96113092601686	0.00306511610778638	0.0127536297519502	FALSE
F9Z35_2115	348.778880074754	-1.05712876850055	0.251715200041634	-4.19970175947143	2.67266784837544e-05	0.000267659824227011	TRUE
F9Z35_2122	1345.7501639189	0.630292613976604	0.212060165475905	2.97223484930375	0.00295640447337657	0.0124023292384155	FALSE
F9Z35_2130	721.20563355128	0.680771328117041	0.192991132526262	3.52747465236208	0.000419543929127933	0.00252840190916923	FALSE
F9Z35_2144	2078.62301753472	0.685952357502152	0.17350260485166	3.95355653644868	7.69980596571401e-05	0.000628012618825237	FALSE
F9Z35_2148	3536.60656554612	-1.42222766312253	0.161002515792871	-8.83357415950085	1.01383067142944e-18	1.59327389363873e-16	TRUE
F9Z35_2155	2291.75938330343	0.779332955091669	0.150815258787559	5.16746754510728	2.3728715409033e-07	4.32837192684414e-06	FALSE
F9Z35_2156	1238.94952731211	-0.644737242519173	0.158881434434101	-4.05797722569397	4.9499593631383e-05	0.000441605544929761	FALSE
F9Z35_2159	1323.91911671491	-0.568365230159317	0.208184002398879	-2.73011001618815	0.00633131928580165	0.0231807980302738	FALSE
F9Z35_2161	22.108369874463	-0.932402067750566	0.368353240650283	-2.53127152106637	0.011364983340898	0.0370718773001256	FALSE
F9Z35_2162	1922.14708852776	0.769276587374788	0.141077881691896	5.45285042665182	4.9568761219956e-08	1.125210879693e-06	FALSE
F9Z35_2164	4709.98722232312	-0.589342014656617	0.233210085604501	-2.52708630987802	0.011501323377944	0.0374159293967191	FALSE
F9Z35_2166	1372.75181249371	-0.932109510775077	0.24323542277598	-3.83212897256971	0.00012703910604755	0.000954194461967443	FALSE
F9Z35_2176	1801.32366764956	-0.938649383835604	0.253457879081554	-3.70337425388767	0.000212750659729997	0.00145855569741069	FALSE
F9Z35_2180	77.4130366318702	0.837858842317076	0.259066404544061	3.23414702802415	0.00122006628515856	0.0060353400014018	FALSE
F9Z35_2182	324.250672494316	-0.441133961285234	0.180120384993961	-2.44910625357605	0.0143211194453131	0.0442647051309995	FALSE
F9Z35_2185	1951.76444140328	-0.871141518236546	0.200153901000819	-4.35235842959155	1.34680838887763e-05	0.000147931695617043	FALSE
F9Z35_2186	7267.53375919414	1.08608746663974	0.365287884288338	2.97323703674346	0.00294676785928525	0.0123873389640324	TRUE
F9Z35_2187	2842.03018000064	1.8902683010979	0.25205361773719	7.49946903388166	6.40768571967066e-14	4.36363397509572e-12	TRUE
F9Z35_2194	646.298713019876	0.580216043224562	0.154340502534902	3.75932456934533	0.000170372694123468	0.00121279238360364	FALSE
F9Z35_2197	3532.44784943775	-0.795384056922941	0.244079517540808	-3.2587087394171	0.00111920506912447	0.00564576779313897	FALSE
F9Z35_2201	1479.88113099078	0.568739737532117	0.170965585900888	3.32663286903733	0.000879021016156422	0.00461667449968302	FALSE
F9Z35_2205	796.859953233669	0.564169203346468	0.229910636137688	2.45386300009452	0.0141330814318527	0.0440150691543828	FALSE
F9Z35_2207	10608.631805493	-0.314188413392006	0.0919219890086007	-3.41798971911507	0.000630854898328449	0.00348334204671627	FALSE
F9Z35_2212	624.663435087929	-0.495933262445042	0.175378870003135	-2.82778228891643	0.0046871670588226	0.0182050994318908	FALSE
F9Z35_2213	2524.84237437921	-0.271550179585874	0.109731180698339	-2.47468566234048	0.0133353487950707	0.0421083733977271	FALSE
F9Z35_2214	2713.24345247146	-1.59277676010979	0.326538478734582	-4.8777613170803	1.07296649126973e-06	1.63587353855527e-05	TRUE
F9Z35_2221	11443.7074364402	0.470481626513526	0.127866528900064	3.67947445324991	0.000233715099358038	0.00156039198689043	FALSE
F9Z35_2222	2723.28384096417	0.957681277552531	0.198059796762173	4.83531384565894	1.32935728263255e-06	1.95386829382611e-05	FALSE
F9Z35_2224	1954.75609752289	-0.622567536392754	0.249012057894074	-2.50015016002793	0.0124140675393367	0.0396900469215413	FALSE
F9Z35_2227	169.360808791844	-0.711568527915208	0.182997513521247	-3.88840544455044	0.000100904966193175	0.000783835916093749	FALSE
F9Z35_2234	86.1476072403906	-0.998435185720158	0.263503532194146	-3.78907704730319	0.000151208015748165	0.00109545381621809	FALSE
