ID	baseMean	log2FoldChange	lfcSE	stat	pvalue	padj	Significant
F9Z35_0012	171.277551468594	-1.13166499535294	0.286830312439503	-3.94541631854767	7.96614494241018e-05	0.000640741500682835	TRUE
F9Z35_0025	19.8132742008268	-1.03452570943865	0.431587652529208	-2.39702341662482	0.0165288673602987	0.049586602080896	TRUE
F9Z35_0047	12.3639115801264	-1.85590538119127	0.735738586763365	-2.5225065187293	0.0116521790480967	0.0378464257476336	TRUE
F9Z35_0052	111.837680497315	-1.15307717531647	0.258889252870344	-4.45393990879162	8.43087056533421e-06	9.78651623010102e-05	TRUE
F9Z35_0073	356.657333019307	-1.58223772183527	0.229692572901401	-6.88850188688715	5.63829863873908e-12	3.03132739972209e-10	TRUE
F9Z35_0088	24.7366186684004	-1.14628245644602	0.436102387533393	-2.62847094905722	0.00857696810844991	0.0295749993181805	TRUE
F9Z35_0104	399.367240090077	-1.09992024196729	0.307917140576165	-3.57213060601028	0.000354088734401286	0.00220549781823728	TRUE
F9Z35_0124	7250.85237060222	-1.26079759763737	0.203557256123139	-6.19382291572388	5.87221995235544e-10	2.1047272566074e-08	TRUE
F9Z35_0128	3397.67386652239	1.08293133640243	0.150949329639506	7.17413809646367	7.27641337926136e-13	4.12936459273082e-11	TRUE
F9Z35_0134	998.020121358942	-1.27423845691835	0.170377040218166	-7.47893293184748	7.49284980930985e-14	4.93802972916775e-12	TRUE
F9Z35_0135	389.22023283613	-1.08982796179632	0.236412832485409	-4.60985112499585	4.02957424590586e-06	5.04158346034032e-05	TRUE
F9Z35_0140	8180.97979877267	-1.08343685514477	0.303532348663994	-3.56942797007814	0.000357761565232832	0.00222160145219051	TRUE
F9Z35_0160	518.32019106489	-1.06030770851146	0.159748565708438	-6.63735354248284	3.19365017222867e-11	1.59137251264955e-09	TRUE
F9Z35_0176	36.2897596335076	-1.79677185828684	0.395716877814837	-4.5405489606829	5.61079471641466e-06	6.78275361280186e-05	TRUE
F9Z35_0190	6053.987883197	1.4001953477974	0.232736435897314	6.0162275081637	1.78528618157343e-09	5.78942804595957e-08	TRUE
F9Z35_0216	4761.91795871362	-1.23695735205192	0.193197179222877	-6.4025642456453	1.52788801546332e-10	6.46378020988016e-09	TRUE
F9Z35_0223	701.390725780217	-1.31824519140298	0.249353660477746	-5.28664864545121	1.24577590957452e-07	2.4952158659419e-06	TRUE
F9Z35_0226	60.7413270348125	-1.2828632873284	0.339194790965455	-3.78208428165116	0.000155520683753316	0.00111876322854938	TRUE
F9Z35_0257	16.0483145283913	1.03800750446718	0.402973213881659	2.57587221361072	0.00999875913164328	0.0335301948022812	TRUE
F9Z35_0271	829.469980302003	1.06507729141999	0.273231002465557	3.89808360621249	9.69569442340285e-05	0.000756042126221833	TRUE
F9Z35_0285	841.289687083938	2.29932121269392	0.409122462776435	5.62012947685638	1.90814402027713e-08	4.99786953003355e-07	TRUE
F9Z35_0286	450.497443304061	1.59661913415627	0.61876855909468	2.58031716493851	0.00987096106927798	0.0332230205346539	TRUE
F9Z35_0302	7596.67866474627	-3.07828521782864	0.266751145007288	-11.5399137939765	8.30083692151566e-31	2.42265854723664e-28	TRUE
F9Z35_0310	101.446889976443	-1.41915825725387	0.249425034275514	-5.68971860172734	1.27248893285174e-08	3.51310120245419e-07	TRUE
F9Z35_0311	261.819788132703	-1.17952180059984	0.270501718488524	-4.36049651436828	1.29767649316158e-05	0.000143305571650222	TRUE
F9Z35_0314	13.848193018907	1.84763386898488	0.521311967304977	3.54419998937791	0.000393806406210128	0.00240163130712624	TRUE
F9Z35_0332	2322.75301402743	1.49134308740788	0.307901660552371	4.84356948492071	1.2752709473507e-06	1.88795546770832e-05	TRUE
F9Z35_0339	1714.60610152368	1.18390118933352	0.206610695096152	5.73010602758272	1.00367878772958e-08	2.80892570319389e-07	TRUE
F9Z35_0349	26.4529611198658	-1.27720923553494	0.323093468905017	-3.95306423204245	7.71567143050095e-05	0.000628012618825237	TRUE
F9Z35_0353	262.190282916525	-1.51331039941511	0.244449803457411	-6.19067955061278	5.99053857789068e-10	2.11011557148804e-08	TRUE
F9Z35_0361	772.933557696315	-1.37336773359323	0.161310356076023	-8.51382246621525	1.6829161167742e-17	2.02246919209982e-15	TRUE
F9Z35_0362	166.101268490351	-1.56765280159673	0.290799716087964	-5.39083332915819	7.01316982462867e-08	1.50820062649646e-06	TRUE
F9Z35_0369	2385.74430593737	-1.20719411253487	0.182845867670606	-6.60224990542096	4.04964089496283e-11	1.9240503135835e-09	TRUE
F9Z35_0397	258.050358960055	-1.34882266923793	0.151431650595455	-8.90713839500615	5.23666706096431e-19	8.91542567129174e-17	TRUE
F9Z35_0412	403.007337945708	-1.23141269329068	0.241579735403789	-5.09733439037191	3.44469539699147e-07	6.0149681162851e-06	TRUE
F9Z35_0435	356.048716636103	-1.04302634116151	0.131358640095461	-7.94029490868299	2.01701105657421e-15	1.96226361361005e-13	TRUE
F9Z35_0462	954.050714750788	-1.37666721302113	0.301479338199694	-4.56637334167575	4.96234640102615e-06	6.03456767696216e-05	TRUE
F9Z35_0463	93.1609782403941	-1.21595743695511	0.289158079961203	-4.20516499873792	2.60891756910585e-05	0.000262562492299668	TRUE
F9Z35_0477	398.649674503898	-1.03827325560468	0.346405863997928	-2.99727390183813	0.00272405841799911	0.0115942736416087	TRUE
F9Z35_0487	450.862798418066	-1.16820929957861	0.207124249483023	-5.64013775545079	1.69914172335766e-08	4.5082422608048e-07	TRUE
F9Z35_0495	361.193511400789	-1.06852561140336	0.305326414532825	-3.49961732933685	0.000465926505660875	0.00275909522047875	TRUE
F9Z35_0503	44769.0333169791	1.20789726929153	0.305316336065554	3.95621565769145	7.6146425359243e-05	0.000624767658670415	TRUE
F9Z35_0516	1510.46589985504	1.61802410981712	0.255629134296651	6.32957629915317	2.45835309138963e-10	9.84787326609611e-09	TRUE
F9Z35_0517	7243.44362515955	1.12830845188607	0.214242730649904	5.26649585011989	1.39052388670949e-07	2.75809737917232e-06	TRUE
F9Z35_0518	1113.41002336246	1.46679632822717	0.217667369391103	6.7387056329589	1.59803779267134e-11	8.37125951391681e-10	TRUE
F9Z35_0519	2821.87949138185	1.44836882247016	0.171511787898192	8.44471881623609	3.04778167034106e-17	3.4592321958371e-15	TRUE
F9Z35_0523	783.497354924561	1.37033638741946	0.247223621691323	5.54290232480466	2.97498830587046e-08	7.41207452304066e-07	TRUE
F9Z35_0538	97.5778015736697	-1.10155147280213	0.415796901873903	-2.64925368091413	0.0080669753478008	0.02831757841161	TRUE
F9Z35_0540	217.578153920139	-1.10812312349203	0.440370685348147	-2.51634171020257	0.0118580152133395	0.0382716036032427	TRUE
F9Z35_0550	114.866021651111	-2.68074432462001	0.251050749726851	-10.6780972673323	1.28886241713556e-26	3.29143239775994e-24	TRUE
F9Z35_0561	14.8390926116914	-1.02205294510941	0.397131179288381	-2.57359028555962	0.0100649382755093	0.0335991321844208	TRUE
F9Z35_0576	5209.80834982111	-1.07961365999034	0.201715737130509	-5.35215385447016	8.69134508517688e-08	1.81187938867514e-06	TRUE
F9Z35_0581	578.123763048205	-1.06015446955208	0.318687636473788	-3.32662566167445	0.000879043749572537	0.00461667449968302	TRUE
F9Z35_0589	1071.54194645833	1.01005152921955	0.240182561915507	4.20534913594132	2.60679427967163e-05	0.000262562492299668	TRUE
F9Z35_0596	2268.25195442529	-1.190488479928	0.37258788460228	-3.19518838139032	0.00139739596862794	0.00674912521018173	TRUE
F9Z35_0633	105.494708711382	-1.02278509506732	0.277805291436789	-3.68166167670006	0.000231718772950653	0.00155798433325028	TRUE
F9Z35_0674	35.5560370737798	-1.45697803986314	0.371393164187017	-3.92300715349051	8.7450553725e-05	0.000697896411172559	TRUE
F9Z35_0675	52.146047665497	-1.24484176971799	0.350676086356421	-3.54983364463795	0.000385474655778497	0.00236493910437078	TRUE
F9Z35_0706	4286.16232736936	1.09909934233136	0.228506495400454	4.8099260391054	1.50986153032674e-06	2.20331936175538e-05	TRUE
F9Z35_0715	3180.3390410586	1.64547430486967	0.318685459299652	5.16331780083656	2.42610721316026e-07	4.3863159614924e-06	TRUE
F9Z35_0716	2313.03605394043	1.45263708582223	0.308293253583769	4.7118679015385	2.45456478066798e-06	3.32097738205607e-05	TRUE
F9Z35_0732	4573.33677427283	-1.21797328686572	0.154155498635553	-7.90093962035827	2.7680872746057e-15	2.45878360957367e-13	TRUE
F9Z35_0761	51.4607588245839	-1.00353421201796	0.40290567285203	-2.4907423241631	0.0127476533629233	0.0405661305614522	TRUE
F9Z35_0766	4312.2857835365	4.64079290332837	0.289133225556628	16.0507077469014	5.65158968339912e-58	1.15461977231844e-54	TRUE
F9Z35_0769	23637.2369284555	-1.35292138129799	0.365250422463473	-3.70409258440566	0.000212148770530547	0.00145855569741069	TRUE
F9Z35_0770	167.406946272563	1.145111330814	0.196535547473064	5.8264845496764	5.66071050570291e-09	1.7007105239928e-07	TRUE
F9Z35_0773	34.3409177642962	-1.42342818109883	0.362789464593448	-3.92356537336045	8.72480760815511e-05	0.000697896411172559	TRUE
F9Z35_0778	33.2216603339943	-1.3544919913138	0.36857265709787	-3.67496602156827	0.000237881071037215	0.00157939095980001	TRUE
F9Z35_0780	22.4294102524319	-1.64407730754436	0.524288596928841	-3.13582503448478	0.00171371410057505	0.00786768069095466	TRUE
F9Z35_0796	3099.48430849376	-1.0800630526829	0.228487433568877	-4.72701292938858	2.27846762367408e-06	3.16660500351438e-05	TRUE
F9Z35_0803	219.041341328978	1.22652316781617	0.251226928375756	4.88213256335994	1.049446648047e-06	1.6120447383158e-05	TRUE
F9Z35_0825	1197.05736157865	-1.03404375659226	0.189462212175055	-5.45778361141932	4.82114696023991e-08	1.1066969932326e-06	TRUE
F9Z35_0838	127.967443234759	-1.03010918983075	0.300984899471036	-3.42246136480969	0.000620569163516366	0.00344517065506504	TRUE
F9Z35_0842	2343.98646485254	-1.00364646962594	0.239299431252143	-4.19410302972439	2.73953452244225e-05	0.000270380146345388	TRUE
F9Z35_0909	23.338571070897	-1.17580836275965	0.338177871494134	-3.47689326201239	0.000507259715555868	0.00293152973804809	TRUE
F9Z35_0937	213.547713398416	1.4568141628949	0.286553553685602	5.08391588293921	3.69731731387883e-07	6.40137226462242e-06	TRUE
F9Z35_0940	4578.43985558189	1.63677496582174	0.324896616294908	5.03783321749353	4.70831423240345e-07	8.01590498066687e-06	TRUE
F9Z35_0944	797.895123914711	-1.45077190304391	0.297945291588184	-4.86925601445364	1.12019200206929e-06	1.68275901487321e-05	TRUE
F9Z35_0993	398.335063057631	1.19967946286713	0.270704873838226	4.43168771162967	9.3498366809528e-06	0.000107919301351337	TRUE
F9Z35_1027	73.5354493578063	1.08370368194242	0.253994042194038	4.26665000714673	1.98430088326175e-05	0.000205783081446891	TRUE
F9Z35_1035	7498.84949609427	1.35612976612523	0.183359959068499	7.39599732141416	1.40350835188575e-13	8.68899261485631e-12	TRUE
F9Z35_1037	270.78306575691	1.33870457750385	0.208923226910616	6.4076388121106	1.47790512176491e-10	6.42417056120365e-09	TRUE
F9Z35_1045	13146.9149802147	1.09444031902004	0.233964229821342	4.67781044929716	2.89954387176652e-06	3.82165797490416e-05	TRUE
F9Z35_1048	43.4406849605698	1.96332612100207	0.379368455111481	5.17524874445644	2.27607539340466e-07	4.18920903488803e-06	TRUE
F9Z35_1060	28217.1476797297	-1.23430587021312	0.186308245947208	-6.62507375311164	3.47074844100401e-11	1.68827120594552e-09	TRUE
F9Z35_1062	378.699372043015	-1.07909316723685	0.164665609912233	-6.55323942754049	5.63021352948978e-11	2.61421050926082e-09	TRUE
F9Z35_1102	830.433924863351	-1.68369164425403	0.250560372676026	-6.71970442201985	1.82093557522563e-11	9.30042845046492e-10	TRUE
F9Z35_1108	5747.04171221334	-1.43202240489576	0.229859621375918	-6.22998679073694	4.66474504630946e-10	1.76527141754286e-08	TRUE
F9Z35_1137	624.336250566225	1.29441491647602	0.262385406704081	4.93325803723477	8.08692056096136e-07	1.26118921420184e-05	TRUE
F9Z35_1142	758.597441936418	1.00814311255966	0.258490500488109	3.90011667993979	9.61463403645221e-05	0.000752593767680914	TRUE
F9Z35_1159	1990.60760292426	-1.28720065878711	0.209327852962261	-6.14920872006067	7.7870450584299e-10	2.69642933124954e-08	TRUE
F9Z35_1162	222.078896105142	1.14853826364386	0.223206123878856	5.14563957155237	2.66610887614759e-07	4.77794774909608e-06	TRUE
F9Z35_1200	28716.3981772423	1.04646426341223	0.277213265426818	3.7749429552046	0.000160044283553652	0.00114726481157934	TRUE
F9Z35_1201	162.417243938332	-1.2948622542619	0.321904823035004	-4.02250032184542	5.75835755082219e-05	0.000496384999001255	TRUE
F9Z35_1207	669.613639339077	-1.59946306850052	0.186079632237979	-8.59558377917983	8.28425581396893e-18	1.12831564186257e-15	TRUE
F9Z35_1218	55708.4692145617	1.00807002622657	0.316398288874365	3.18607926045659	0.00144215081721662	0.00686786508059103	TRUE
F9Z35_1243	474.57371925892	-1.33171780282179	0.256145936744983	-5.19905886364945	2.0030009247479e-07	3.72011899023633e-06	TRUE
F9Z35_1246	29946.8692795218	1.30384611264561	0.273668952372051	4.76431871918393	1.89492787103362e-06	2.68842891702895e-05	TRUE
F9Z35_1247	5997.54262256622	1.53399839589675	0.291979448595833	5.25378893368678	1.49001627760468e-07	2.89454603456364e-06	TRUE
F9Z35_1248	12719.4798153113	1.66930188081477	0.27461093378554	6.07878884428699	1.21093694075086e-09	4.12324028325669e-08	TRUE
F9Z35_1251	1241.52083146217	-1.31525260177437	0.174884744782005	-7.52068228371684	5.44911219659415e-14	3.83880559229029e-12	TRUE
F9Z35_1324	167.177829910316	-1.20437157957914	0.261298159733122	-4.60918508117023	4.04250348317598e-06	5.04158346034032e-05	TRUE
F9Z35_1325	3143.59724874231	-1.08355404720316	0.36929079075995	-2.93414857428033	0.00334464065282481	0.0137210860516488	TRUE
F9Z35_1367	25.6249118468453	-1.22434555769649	0.393408938932329	-3.11214473422804	0.00185733415219883	0.00838774215600326	TRUE
F9Z35_1368	76.8437935241066	1.09641179671932	0.297626715822261	3.68384872201487	0.000229738618271533	0.00155415893088987	TRUE
F9Z35_1387	415.916392248818	-1.63921787790223	0.264608136070404	-6.19488841970484	5.83263345102065e-10	2.1047272566074e-08	TRUE
F9Z35_1403	330.37920664523	-1.49204134938311	0.274037211645527	-5.44466695024286	5.19024044952461e-08	1.16523749872294e-06	TRUE
F9Z35_1448	644.452142801718	-1.01926043236392	0.177453554311098	-5.74381525532607	9.2566779519425e-09	2.62658236886368e-07	TRUE
F9Z35_1449	11539.679277895	-2.13283975539608	0.353838238127257	-6.02772545636804	1.66283199749374e-09	5.47929963045113e-08	TRUE
F9Z35_1457	139.773037335205	-2.03487788230956	0.268118304435271	-7.58947766209234	3.21197638137852e-14	2.3435956239844e-12	TRUE
F9Z35_1458	240.884453958804	-1.42475291202664	0.239807959963956	-5.94122443742395	2.82900973670077e-09	8.75707104860555e-08	TRUE
F9Z35_1459	37.1455176241558	-1.49371300434715	0.445153242047146	-3.35550292182067	0.000792208196568461	0.00425916143576149	TRUE
F9Z35_1467	3328.08408689719	-1.1940249631698	0.310376438557536	-3.84702192189263	0.000119562275209888	0.000906713534995632	TRUE
F9Z35_1470	1102.14165701973	1.17426116961931	0.354980417591277	3.30796041535832	0.000939780921860935	0.00488542601364349	TRUE
F9Z35_1523	526.37124692687	1.22786778320308	0.168058679808495	7.30618486710863	2.74833990880802e-13	1.6514289510867e-11	TRUE
F9Z35_1549	82.7306685044183	1.19185921924345	0.438153498005188	2.7201864749904	0.00652451111866471	0.0237603854107522	TRUE
F9Z35_1563	390.77967582099	-1.03164747623345	0.166527147769995	-6.19507083408618	5.8258823947246e-10	2.1047272566074e-08	TRUE
F9Z35_1574	3239.26120068163	1.27288984777932	0.166697109273727	7.63594433835776	2.24171163068461e-14	1.76146802364948e-12	TRUE
F9Z35_1584	32803.2148366016	-1.81816673872752	0.286859808066844	-6.33817177449916	2.32507527685906e-10	9.50025758124613e-09	TRUE
F9Z35_1585	419.427244744318	-1.04349418951632	0.369148659785427	-2.82675871049583	0.00470217440363759	0.0182172421964542	TRUE
F9Z35_1606	3710.75757943519	-1.54273661003114	0.220549043475064	-6.99498209433664	2.6529280871618e-12	1.46484650866799e-10	TRUE
F9Z35_1618	450.095286564754	1.13646556400302	0.242038152585394	4.69539843972351	2.6608754830951e-06	3.55305138036817e-05	TRUE
F9Z35_1625	499.985493484012	-1.83584918209942	0.188793168147391	-9.72412932159797	2.3793215484656e-22	5.40105991501691e-20	TRUE
F9Z35_1626	309.408911128407	-1.18010175548771	0.132432122350029	-8.91099330394028	5.05773715030497e-19	8.91542567129174e-17	TRUE
F9Z35_1627	980.671229826529	-1.96012534616585	0.156443584912053	-12.5292791472898	5.1629806339562e-36	2.63699235879313e-33	TRUE
F9Z35_1628	103.852108394224	-1.19308688308363	0.220401608123984	-5.41324037169672	6.18943133645504e-08	1.37445741525844e-06	TRUE
F9Z35_1629	66.576346693717	-1.20277673939327	0.276601574983082	-4.34840886016948	1.37128782444499e-05	0.000149815028093108	TRUE
F9Z35_1643	1442.5642976868	1.04386810860124	0.160594717044697	6.50001524216214	8.03118741173449e-11	3.56689475699425e-09	TRUE
F9Z35_1658	14577.2650822719	-1.5834181139496	0.181987327661231	-8.70070534195176	3.29827652579551e-18	4.81312781585731e-16	TRUE
F9Z35_1665	101.630972240817	-1.09551665760156	0.298122181389963	-3.67472374076236	0.000238106909260109	0.00157939095980001	TRUE
F9Z35_1670	358.834978240566	-2.32213278742369	0.304943675827056	-7.6149563722733	2.63780551203146e-14	1.99593950410381e-12	TRUE
F9Z35_1687	1931.78219976564	1.15550674580505	0.22022098996405	5.24703274648655	1.54568433675285e-07	2.95124588783745e-06	TRUE
F9Z35_1706	5158.28036228763	-1.2609818456152	0.222450556530166	-5.6685938002776	1.43974243255086e-08	3.92185838626854e-07	TRUE
F9Z35_1715	2632.13680855438	-1.46286414354506	0.290616780357133	-5.03365339657051	4.81219409949391e-07	8.12505169030253e-06	TRUE
F9Z35_1720	35.8047688713992	1.15702763237312	0.320240044225924	3.61300110100179	0.000302673417972344	0.00193843822231191	TRUE
F9Z35_1738	12.338694097375	-2.39324987846495	0.575876805281155	-4.15583655482793	3.24099465625046e-05	0.000307969864312544	TRUE
F9Z35_1745	21700.6149530421	1.37907405606324	0.2492651189125	5.53255931708336	3.15591664002167e-08	7.76811770549912e-07	TRUE
F9Z35_1746	458.142541370517	-1.6661094794116	0.336504399734907	-4.95122643485237	7.3747234042328e-07	1.17707499334747e-05	TRUE
F9Z35_1749	2210.75563849536	1.10836703915683	0.309524306526622	3.58087237669491	0.000342448905107896	0.00214657298665253	TRUE
F9Z35_1758	16.31763181692	3.11279748633611	0.541457110646802	5.74892715439215	8.98114993756271e-09	2.58429427076628e-07	TRUE
F9Z35_1759	428.572150503056	-2.26995021947565	0.244295476723664	-9.29182254996604	1.51668632052387e-20	3.09859015283026e-18	TRUE
F9Z35_1760	2780.50277604727	-4.25672275819751	0.353821778449683	-12.0306974230046	2.45081685798759e-33	1.00140376817373e-30	TRUE
F9Z35_1773	80.4666742038329	-1.25930436154634	0.291456415182223	-4.32072960466147	1.55514144456214e-05	0.00016461937674821	TRUE
F9Z35_1778	3553.36736268522	-1.13391139348276	0.210325345300257	-5.39122563599743	6.99787401151794e-08	1.50820062649646e-06	TRUE
F9Z35_1786	846.019631136015	-1.13432547408818	0.204622833855102	-5.54349410922257	2.96494653260067e-08	7.41207452304066e-07	TRUE
F9Z35_1788	1031.55319093009	-2.00743164509363	0.251372571828288	-7.98588179487179	1.39521332372976e-15	1.42521041018995e-13	TRUE
F9Z35_1794	9579.93292702214	1.05644082857713	0.245193795340649	4.30859527709259	1.64294698682699e-05	0.000173017561550904	TRUE
F9Z35_1795	197.982381225932	-1.00647522777303	0.232099388954999	-4.3363975765062	1.44836869267825e-05	0.000156561758684744	TRUE
F9Z35_1796	77.3947380056106	-1.04331492549745	0.268626411255854	-3.88388811293667	0.000102799227578764	0.000792523856390249	TRUE
F9Z35_1806	1244.2646439093	1.09079164772371	0.326324087283454	3.34266359803288	0.000829784265719484	0.00442623826335485	TRUE
F9Z35_1825	7140.10063768511	-2.66389134238096	0.208261182775935	-12.7911082942759	1.8383341587466e-37	1.25190556210644e-34	TRUE
F9Z35_1851	762.552453360974	-1.51593787324116	0.317937259936685	-4.76804094475446	1.86025982470266e-06	2.65769987543185e-05	TRUE
F9Z35_1886	39.6637416632379	1.01680865055047	0.386887657321698	2.62817546982378	0.00858442222010819	0.0295749993181805	TRUE
F9Z35_1895	146.075053230073	-1.10851705479797	0.382597110319055	-2.89734821539439	0.00376331793112956	0.0152246703629657	TRUE
F9Z35_1898	3400.10817917056	3.69591729282225	0.309529288379805	11.9404445122725	7.28329118265948e-33	2.47996064769555e-30	TRUE
F9Z35_1899	21008.9549048266	1.73550589931917	0.326512969823089	5.31527400047692	1.06496952915257e-07	2.17573274805869e-06	TRUE
F9Z35_1900	1787.08014333376	2.06087820263841	0.241329928627493	8.5396710402194	1.34604482014023e-17	1.71873097971655e-15	TRUE
F9Z35_1901	710.934840372868	1.96552543673318	0.255230622096738	7.70097812161508	1.35028610403085e-14	1.10345380421401e-12	TRUE
F9Z35_1902	485.327732757909	1.32193142712977	0.292616696845286	4.51762131615036	6.25381985406842e-06	7.4716689835449e-05	TRUE
F9Z35_1915	7874.58362403587	-1.13814820421117	0.182689855338838	-6.22994748175931	4.66591564108244e-10	1.76527141754286e-08	TRUE
F9Z35_1921	871.042861523797	-1.06485661274625	0.232781445649741	-4.57449093407773	4.77379277462179e-06	5.84003511290558e-05	TRUE
F9Z35_1962	60.9558456738278	-1.00566924669808	0.333023706472864	-3.01981278555023	0.0025293097600783	0.0109246931074841	TRUE
F9Z35_2005	71597.4361310525	1.23717897161147	0.189645700053597	6.52363312883879	6.86244453708819e-11	3.11554981983804e-09	TRUE
F9Z35_2007	64116.1944185834	1.23672040001287	0.156506684032631	7.90202928173355	2.74398932400352e-15	2.45878360957367e-13	TRUE
F9Z35_2008	51.0472413559156	-1.15629169668279	0.362642738864809	-3.18851468059822	0.00143005748208756	0.00682618559790859	TRUE
F9Z35_2016	20.8744656452019	-1.77117066038473	0.567798384087917	-3.11936544734949	0.00181241017483864	0.00824666812292947	TRUE
F9Z35_2018	29293.5117889675	1.10068370795223	0.316038667634717	3.48275012102133	0.000496291366610592	0.00288867026206678	TRUE
F9Z35_2019	4527.36348154658	1.0463555401906	0.399025204936818	2.62227931279751	0.00873438150451112	0.029940170157242	TRUE
F9Z35_2020	43793.0946587983	1.04160100098624	0.220962213603734	4.71393268558674	2.42980961877558e-06	3.30940070077234e-05	TRUE
F9Z35_2022	5800.04123067942	1.05497885449117	0.351236471758896	3.00361420101998	0.00266793399672928	0.011411048570272	TRUE
F9Z35_2023	29352.6379163876	1.00803244065481	0.213645263219982	4.71825317099065	2.37878352062854e-06	3.26164747157322e-05	TRUE
F9Z35_2026	7566.44954660226	1.05913738262196	0.381585803015654	2.77562051379178	0.00550964757482634	0.0207679151206092	TRUE
F9Z35_2027	16412.1965679174	1.0944518803268	0.199200017755401	5.49423585730141	3.92405767929514e-08	9.21476992965514e-07	TRUE
F9Z35_2030	4823.79693422552	1.37579978016927	0.360738259437484	3.81384492544434	0.000136821340210835	0.00100958511275932	TRUE
F9Z35_2037	14727.6587624581	1.23361824599825	0.304200480160741	4.05528040372058	5.00741965648669e-05	0.000442863998190576	TRUE
F9Z35_2092	709.624960100697	1.88950678383387	0.315793856667179	5.98335510315282	2.18587493692521e-09	6.97772265021594e-08	TRUE
F9Z35_2097	3935.78899997683	-3.50730802962506	0.262203380593892	-13.3762883669958	8.31994542273961e-41	8.49882424932851e-38	TRUE
F9Z35_2102	217.946112413506	1.26906792804415	0.400546567974562	3.16834053643606	0.00153311827531235	0.00723362733594256	TRUE
F9Z35_2106	1110.23850243985	-1.12660329231541	0.223978920727454	-5.02995232165756	4.90601817262653e-07	8.12982235858537e-06	TRUE
F9Z35_2115	348.778880074754	-1.05712876850055	0.251715200041634	-4.19970175947143	2.67266784837544e-05	0.000267659824227011	TRUE
F9Z35_2148	3536.60656554612	-1.42222766312253	0.161002515792871	-8.83357415950085	1.01383067142944e-18	1.59327389363873e-16	TRUE
F9Z35_2186	7267.53375919414	1.08608746663974	0.365287884288338	2.97323703674346	0.00294676785928525	0.0123873389640324	TRUE
F9Z35_2187	2842.03018000064	1.8902683010979	0.25205361773719	7.49946903388166	6.40768571967066e-14	4.36363397509572e-12	TRUE
F9Z35_2214	2713.24345247146	-1.59277676010979	0.326538478734582	-4.8777613170803	1.07296649126973e-06	1.63587353855527e-05	TRUE
