ID	baseMean	log2FoldChange	lfcSE	stat	pvalue	padj	Significant
F9Z35_0060	13.9311437033832	1.54369998046222	0.45217011902685	3.41398052526013	0.000640211518023926	0.00762400459178206	TRUE
F9Z35_0061	104.645157891398	1.34652700665769	0.307679314782262	4.3763975735925	1.20656849916556e-05	0.000344450514008358	TRUE
F9Z35_0066	315.963831508709	1.2114160259559	0.314688938442331	3.84956659726347	0.000118327009144728	0.00212580592291046	TRUE
F9Z35_0068	213.486122872066	1.14750772481028	0.365271187715121	3.14152269164256	0.00168071784277931	0.0151628397590999	TRUE
F9Z35_0075	15.9194580792012	2.4354586600714	0.502262582614766	4.84897490749253	1.24101116600162e-06	5.62232015205951e-05	TRUE
F9Z35_0079	28.9099461018216	1.15373659358567	0.342225922062752	3.37127178044133	0.000748220034624867	0.00842859757923364	TRUE
F9Z35_0080	7.42776191124035	1.83652961929774	0.649624086331142	2.82706515651204	0.00469767684490878	0.0315805114348061	TRUE
F9Z35_0098	454.684053696633	1.01753941562236	0.282343917767537	3.60390060344821	0.00031347697807892	0.00429435846065853	TRUE
F9Z35_0104	399.367240090077	1.38686463570249	0.312212052322144	4.44205989290737	8.91017490471925e-06	0.000292211608347568	TRUE
F9Z35_0137	352.863239033335	1.35159901445251	0.33014517396736	4.0939535726369	4.24079263317235e-05	0.000999496166131713	TRUE
F9Z35_0138	107.988733942152	1.03129843339458	0.253872066537299	4.06227611986235	4.85965465880799e-05	0.00108898067838235	TRUE
F9Z35_0153	4689.94923609129	2.50562782865797	0.360557941558693	6.94930700410074	3.67084927393934e-12	5.46432134777827e-10	TRUE
F9Z35_0175	240.924497839327	-1.02898163822999	0.171949459065987	-5.98420980106203	2.17442891623531e-09	1.97022167888452e-07	TRUE
F9Z35_0176	36.2897596335076	-1.52210849373233	0.401832707698075	-3.78791587785829	0.000151916264142361	0.00255520299883015	TRUE
F9Z35_0177	169.697067970721	-1.01184800609679	0.224455061012798	-4.50802045421065	6.54352691852689e-06	0.000227278501636834	TRUE
F9Z35_0240	455.673399172472	3.46012605347734	0.321268941663651	10.7701853641983	4.76041808046787e-27	2.48017781992376e-24	TRUE
F9Z35_0243	41585.039932503	1.02801943397701	0.233270902544814	4.40697670717639	1.04823455618561e-05	0.000321253061042766	TRUE
F9Z35_0250	16576.0712622039	1.22549673598527	0.198459966139849	6.17503247542479	6.61498721896503e-10	6.89281668216156e-08	TRUE
F9Z35_0320	1678.80385315414	1.06209326350913	0.327373362704331	3.24428736270875	0.00117744892948449	0.0118988583949711	TRUE
F9Z35_0364	1704.90976363561	-1.03215013231675	0.285499612920654	-3.61524179230186	0.000300067424514156	0.00416893675125	TRUE
F9Z35_0377	17225.3833902057	-1.10741930415743	0.180622549896027	-6.13112429646738	8.72601950747818e-10	8.65953554932597e-08	TRUE
F9Z35_0448	2625.97559830722	-1.75969909522098	0.24378160231962	-7.21834247735338	5.26250480840866e-13	9.97005456429423e-11	TRUE
F9Z35_0546	3824.11783584989	-1.54570309568995	0.23904363145594	-6.46619651096978	1.00500367817966e-10	1.18598184122268e-08	TRUE
F9Z35_0581	578.123763048205	-1.03740221043599	0.319084367955375	-3.25118468536532	0.00114925176207149	0.0117403954517499	TRUE
F9Z35_0582	486.661363602299	-1.36047326286839	0.27055006202103	-5.02854537421114	4.94214575906214e-07	2.45224565759179e-05	TRUE
F9Z35_0595	312.085106026676	1.31802409582536	0.300462846475302	4.38664584086507	1.15111991635927e-05	0.00034103907592288	TRUE
F9Z35_0596	2268.25195442529	2.67246187751504	0.374276463445818	7.14034180218207	9.30991233483534e-13	1.49245056198437e-10	TRUE
F9Z35_0651	299.290974513632	-1.26691256884571	0.414041159062973	-3.05987108072272	0.0022143228507065	0.0186338781802765	TRUE
F9Z35_0672	16.4009382153414	1.28717354218392	0.454683399869778	2.83092266520521	0.0046413941816101	0.031413346698969	TRUE
F9Z35_0674	35.5560370737798	-1.01397128652756	0.379309708405921	-2.67320151331969	0.0075131103848584	0.044521541908335	TRUE
F9Z35_0717	2773.21872683155	-1.14413298004165	0.353281565360212	-3.23858670314448	0.00120123503625779	0.0119208276931487	TRUE
F9Z35_0718	6285.06235823088	-1.3265013671759	0.305766013701468	-4.3382891091062	1.43596182044999e-05	0.000393966049985001	TRUE
F9Z35_0756	29.6563487031077	1.05731934486699	0.388143918507169	2.72403944633094	0.00644888036209978	0.0403587587826304	TRUE
F9Z35_0757	173.251598704951	1.17758544572185	0.303224525261958	3.88354287867885	0.000102945367447021	0.00195034677963265	TRUE
F9Z35_0766	4312.2857835365	4.12620196582245	0.289281560059636	14.2636190325157	3.6882075852596e-46	7.68622460768101e-43	TRUE
F9Z35_0801	75.4006334855688	1.04775292056541	0.379183365458276	2.76318271319499	0.00572407139802833	0.0369317795464119	TRUE
F9Z35_0802	124.290802964855	1.10066404129507	0.303002050182868	3.63253001301738	0.000280655920519144	0.00400607492028695	TRUE
F9Z35_0804	357.339173059967	1.1157275887707	0.310218272824593	3.59658887470361	0.000322417457526062	0.00433495471925364	TRUE
F9Z35_0805	500.545052343431	1.25902628138964	0.303834310172823	4.1437923211289	3.41609132839253e-05	0.000840998175448588	TRUE
F9Z35_0806	1345.02070042213	2.94687258073039	0.74424036455609	3.95957102177343	7.50845131593676e-05	0.00156476125424122	TRUE
F9Z35_0809	5398.91782655879	2.25711322077682	0.255946734362803	8.81868341237508	1.15813378463495e-18	3.44792972454178e-16	TRUE
F9Z35_0823	1527.33217366598	1.73075577611209	0.295882029527224	5.84947919573752	4.93114552615806e-09	3.67018117018336e-07	TRUE
F9Z35_0908	27.5783278012774	1.20820137860562	0.331023447621849	3.6498966683044	0.000262345823160147	0.00387560989448383	TRUE
F9Z35_0909	23.338571070897	1.76908647810617	0.418263068632379	4.22960239805696	2.34104701870717e-05	0.000602313825553794	TRUE
F9Z35_0911	145.777253738964	2.99271009726064	0.431665225913579	6.93294228398141	4.12176402223066e-12	5.72650414821913e-10	TRUE
F9Z35_0940	4578.43985558189	-1.01277736444716	0.32470378570405	-3.11908086396705	0.00181416165007355	0.0159523750158366	TRUE
F9Z35_0992	13985.890089839	1.65890868002032	0.305304869641735	5.4336135613133	5.52241102253403e-08	3.59647017842529e-06	TRUE
F9Z35_1041	1321.00913837797	2.35738060007699	0.328950241531655	7.16637443128352	7.70099682288093e-13	1.33740644824032e-10	TRUE
F9Z35_1043	1391.53682257365	1.24812638447966	0.246421687480321	5.06500218078141	4.08395675489153e-07	2.12774146929849e-05	TRUE
F9Z35_1048	43.4406849605698	-1.48421977686947	0.348865790839013	-4.25441478025106	2.095964641687e-05	0.000552910166237432	TRUE
F9Z35_1092	36386.8477325992	1.60403900600074	0.542029548865256	2.95932022407046	0.00308318536224154	0.023450212755151	TRUE
F9Z35_1103	469.198450884571	1.0343570482862	0.391386554478754	2.64280169170286	0.00822231772492981	0.0472047111260433	TRUE
F9Z35_1248	12719.4798153113	-1.04485215130491	0.274523685961987	-3.806054649323	0.000141201195639301	0.00244593871499271	TRUE
F9Z35_1293	59.7710772211804	-1.11158151310309	0.383027770640028	-2.90209117538833	0.00370680637635572	0.0263975351613736	TRUE
F9Z35_1305	34.2543984947138	-1.31471222067656	0.317344936710564	-4.14284921103264	3.43017489986228e-05	0.000840998175448588	TRUE
F9Z35_1321	88.5679726813964	-1.4239439957125	0.326473051044489	-4.3615973543815	1.29116321181058e-05	0.000363619477488277	TRUE
F9Z35_1322	122.007846697556	-1.26571666296556	0.327489746830208	-3.8649047037854	0.000111132580812538	0.0020315815650292	TRUE
F9Z35_1335	10.4541290226714	-1.57141998420166	0.445250212482056	-3.52929642737675	0.000416666133600276	0.00526616389965746	TRUE
F9Z35_1346	27.0839659703244	1.28123304931435	0.362833856851627	3.53118383282043	0.000413704114854848	0.00526616389965746	TRUE
F9Z35_1353	213.933515572448	1.05163375356284	0.329468125277758	3.19191348989	0.00141333656341203	0.0133853775182366	TRUE
F9Z35_1401	24.5840579109159	1.59635659294607	0.392589737502506	4.06622089283696	4.77816487842283e-05	0.0010823582181123	TRUE
F9Z35_1408	39.8512302634409	1.22966192721738	0.38251080662165	3.2147116001187	0.0013057563764521	0.0126567269233775	TRUE
F9Z35_1466	1601.57082943794	1.17008272783713	0.256791475870112	4.55654816372865	5.20011193630089e-06	0.000183678530089001	TRUE
F9Z35_1467	3328.08408689719	1.20254394845826	0.310851395524092	3.86854929967673	0.000109484801866572	0.00201917103619413	TRUE
F9Z35_1536	7119.61171708157	1.95154898661664	0.312761029612018	6.23974473110525	4.38285540450307e-10	4.80730034893916e-08	TRUE
F9Z35_1537	9213.24476609818	2.33287590375567	0.289174466619987	8.06736476779389	7.18316980025921e-16	1.66330287374891e-13	TRUE
F9Z35_1539	16121.9061641952	1.73169371763817	0.25185307917621	6.87580919519583	6.16389570928613e-12	8.02847416134518e-10	TRUE
F9Z35_1572	619.109407766943	-1.75683086078005	0.296358311733494	-5.9280633990111	3.06528158796313e-09	2.36594327011673e-07	TRUE
F9Z35_1580	6211.91922863471	1.70970575209141	0.222424685480988	7.68667267481672	1.51010828824233e-14	3.14706567269701e-12	TRUE
F9Z35_1601	536.835174711505	1.41777389871633	0.322514204401957	4.39600451504247	1.10261641158794e-05	0.000333022116195547	TRUE
F9Z35_1652	6260.98161855115	1.3366600268393	0.326616476750808	4.09244518260819	4.26848170756826e-05	0.000999496166131713	TRUE
F9Z35_1653	4329.83705112472	1.68639611340675	0.276425047983257	6.10073553648759	1.0558147364567e-09	1.00014450489807e-07	TRUE
F9Z35_1654	2554.0933891733	1.60278341446291	0.247981764452589	6.46331159874194	1.02436051545145e-10	1.18598184122268e-08	TRUE
F9Z35_1673	30847.917023865	1.53459158245246	0.272687138367626	5.62766396552076	1.82666499409002e-08	1.2689232825612e-06	TRUE
F9Z35_1682	243.524125157024	-1.46801092872032	0.318528060218158	-4.60873345888235	4.05129298035387e-06	0.000154860630302597	TRUE
F9Z35_1683	316.542289325179	-1.4467939246883	0.24301254496135	-5.95357710820406	2.62344164542737e-09	2.18690095562825e-07	TRUE
F9Z35_1715	2632.13680855438	1.33287297250712	0.291435958282204	4.5734678052887	4.79717419742117e-06	0.000175391421533784	TRUE
F9Z35_1745	21700.6149530421	-1.30149790315581	0.249213010690788	-5.22243160398495	1.76588789863608e-07	1.05146010878788e-05	TRUE
F9Z35_1746	458.142541370517	1.06279484766282	0.340189981676036	3.12412153475737	0.00178336778985812	0.015815057336444	TRUE
F9Z35_1760	2780.50277604727	1.20524919414828	0.356985196664049	3.37618815965223	0.000734976363946292	0.00832440620904388	TRUE
F9Z35_1820	968.709143988472	-1.16004220041193	0.227968638907773	-5.08860431842662	3.60708342067685e-07	1.97820048649751e-05	TRUE
F9Z35_1835	615.461191738154	1.9772815419792	0.234163864195246	8.44400799745316	3.06638205529565e-17	7.98792525404518e-15	TRUE
F9Z35_1857	4334.61410916362	1.52220646365929	0.361398642533181	4.21198721995625	2.53133869121e-05	0.000635579497889355	TRUE
F9Z35_1898	3400.10817917056	3.60444019173031	0.309849829462042	11.6328616284485	2.80532611010897e-31	2.92314980673355e-28	TRUE
F9Z35_1899	21008.9549048266	3.02202214575617	0.326600646387034	9.25295825096123	2.18363734025767e-20	7.5845003618283e-18	TRUE
F9Z35_1900	1787.08014333376	2.6673722215582	0.242144021799341	11.0156435072702	3.21232883189376e-28	2.23149776188887e-25	TRUE
F9Z35_1901	710.934840372868	2.48836064910239	0.256912278250739	9.68564315432917	3.47017440179854e-22	1.44636869066963e-19	TRUE
F9Z35_1902	485.327732757909	1.63665842818044	0.2938947662045	5.56885870856784	2.56413299846707e-08	1.72375908671141e-06	TRUE
F9Z35_2092	709.624960100697	-1.44519407021217	0.313701545675563	-4.6069077125518	4.08701279589388e-06	0.000154860630302597	TRUE
F9Z35_2097	3935.78899997683	1.05229101737766	0.263880213485022	3.98776021695687	6.67000272905315e-05	0.00142474473582181	TRUE
F9Z35_2102	217.946112413506	-1.26625936732915	0.397557980512343	-3.18509356974118	0.0014470721099319	0.0135233106596326	TRUE
F9Z35_2179	22.6774502960565	-2.05701247089551	0.428087327899263	-4.80512348027168	1.54656026087018e-06	6.85751400777329e-05	TRUE
F9Z35_2215	892.834218416283	-1.09284205874374	0.216735845404509	-5.04227649424621	4.60025927006026e-07	2.33827812653795e-05	TRUE
F9Z35_2230	27.1439734247344	-1.09963492139681	0.311589139088673	-3.52911826327771	0.000416946757890346	0.00526616389965746	TRUE
