ID	baseMean	log2FoldChange	lfcSE	stat	pvalue	padj	Significant
NGO_0372	26156.0100655623	1.32931550933811	0.266297496680587	4.99184380592419	5.98056112534426e-07	8.05098547175164e-06	TRUE
NGO_0373	5092.34787816913	1.56128165704815	0.320243765613511	4.87529133957409	1.08647986071233e-06	1.38613801584427e-05	TRUE
NGO_0374	10194.9986450008	1.69410277986621	0.293436449678323	5.77332087313405	7.77242274066264e-09	1.68437983229155e-07	TRUE
NGO_0375	4040.19341754432	-0.96733619125209	0.282897244067751	-3.41939064991535	0.000627615523410929	0.00300875078192755	FALSE
NGO_0376	4678.69068340637	-0.73436515178755	0.288009503327165	-2.5497948619888	0.0107786320629089	0.0319322021039737	FALSE
NGO_0377	1430.13863228553	-1.29228352527717	0.145110160292172	-8.90553440693069	5.31294721819174e-19	9.3389805546437e-17	TRUE
NGO_0379	675.243803260335	-0.439112277305704	0.131994647173664	-3.32674306654246	0.000878673499786749	0.00401751871867814	FALSE
NGO_0383	1406.95658861067	0.392531262055705	0.155762703214344	2.52005938491928	0.01173350367362	0.0344385951978976	FALSE
NGO_0386	1918.28551948956	-0.639409633257834	0.118661719542694	-5.38850806917372	7.10449736978841e-08	1.26284436393318e-06	FALSE
NGO_0394	2309.06646932997	0.466875987127855	0.144049775897144	3.24107402611454	0.00119080256687924	0.00518966848706048	FALSE
NGO_0395	2240.45769177808	0.647090493155503	0.150097810671946	4.31112546051577	1.62425710309844e-05	0.000137410413748755	FALSE
NGO_0401	2024.33929986509	0.482782237350358	0.123752353823332	3.90119640099595	9.57184521848875e-05	0.000631376087112604	FALSE
NGO_0402	1948.16730314656	0.615965942298238	0.178518705220867	3.45042801837573	0.00055969840262348	0.00273284837330353	FALSE
NGO_0414	3360.1172048256	0.556907221368428	0.174848082167345	3.18509196363628	0.00144708014140444	0.00604031869050613	FALSE
NGO_0415	6872.7951724561	0.636527883308979	0.140344270375955	4.53547466956682	5.74740762511491e-06	5.75468282464038e-05	FALSE
NGO_0417	551.402552849138	-0.460422504232212	0.174350282324878	-2.64079012716639	0.00827129394700205	0.0254081301439946	FALSE
NGO_0424	5784.30971347819	0.743553981835888	0.107486176164697	6.91767079607118	4.59129687186833e-12	2.42114388376523e-10	FALSE
NGO_0711	280.404988094838	-1.01759587627509	0.131728080655082	-7.72497307494801	1.11876988651825e-14	8.42806647843748e-13	TRUE
NGO_0713	3272.73624860437	-0.591355515671454	0.227043673869791	-2.60458926510586	0.00919844563502983	0.027823978957203	FALSE
NGO_0719	4087.79245723257	-0.666269788478008	0.188981005046734	-3.5255913064556	0.0004225384915605	0.00218449638447291	FALSE
NGO_0738	379.454101858056	-1.21538384881036	0.216357718354874	-5.61747395956943	1.93769365759257e-08	3.8317892078893e-07	TRUE
NGO_0739	2279.9562779853	0.5752919731411	0.161694870769292	3.55788634731607	0.000373850995672694	0.00196489127958207	FALSE
NGO_0742	2305.74600758673	-0.581876364873266	0.181015390218961	-3.21451321995004	0.00130665897935343	0.00563251908811208	FALSE
NGO_0746	666.762435972579	-0.377749167415505	0.134549655577648	-2.80750750192377	0.0049926516955588	0.0165446367666885	FALSE
NGO_0747	429.929686576543	-0.454232552263689	0.176095216160426	-2.57947127791294	0.00989516869098813	0.0297042824841427	FALSE
NGO_0748	429.571602601691	-0.391354530056505	0.135134695353795	-2.89603294721539	0.0037791272075095	0.0133450429515179	FALSE
NGO_0753	1191.40584126867	0.756908325913877	0.141284714871966	5.3573263505525	8.44624789385338e-08	1.46834771077759e-06	FALSE
NGO_0754	253.312995894222	-1.32125317351755	0.194871964519164	-6.78010906688232	1.20085192307752e-11	5.75681134032919e-10	TRUE
NGO_0761	553.501724891794	0.612905450205673	0.243928026781658	2.51264874435397	0.01198285780976	0.0349757953045024	FALSE
NGO_0764	10053.8097781647	0.324119389697543	0.0914533527228849	3.54409521408871	0.000393962942955036	0.00206373965481744	FALSE
NGO_0765	898.075621275207	-0.946675454093628	0.195055358893729	-4.85336808720749	1.21382092420532e-06	1.52401960483557e-05	FALSE
NGO_0773	1710.14479292628	0.863098848969933	0.140860317310018	6.12733852551494	8.93612129626913e-10	2.66734790390524e-08	FALSE
NGO_0777	27208.8944607883	-0.76680327476306	0.282768396055931	-2.71177149023185	0.00669247111594079	0.0210906161462517	FALSE
NGO_0778	598.42037874004	0.53686272327397	0.11558569096362	4.64471613050222	3.40544374115511e-06	3.59160799900492e-05	FALSE
NGO_1422	3448.04198860202	-1.51808148976608	0.209722385227763	-7.23852862972833	4.53578470556438e-13	2.87024456168114e-11	TRUE
NGO_1418	3567.80966050504	0.362579622347644	0.147084406332094	2.46511259343832	0.0136970203107007	0.0388327708450331	FALSE
NGO_1417	1243.67731895816	0.657356030581048	0.224636923824665	2.9263044533771	0.00343015070907363	0.0122771457505757	FALSE
NGO_1413	4010.82290106731	-0.539830169780904	0.175076739537786	-3.08339172414389	0.00204655568696069	0.00807394288471772	FALSE
NGO_1410	402.256004928692	1.16211270374358	0.24089524118019	4.82414139046575	1.406076503854e-06	1.72942304342092e-05	TRUE
NGO_1408	850.357795179967	0.801420325737628	0.156885958129346	5.10829863483953	3.25072588212325e-07	4.99286247137765e-06	FALSE
NGO_1406	6564.10345589617	0.515098533415963	0.179037392727932	2.87704442947689	0.00401419071984638	0.0139264248219232	FALSE
NGO_1405	1231.66564996543	0.766798594968704	0.252937677284813	3.03157126767347	0.00243284481800624	0.0092741216917732	FALSE
NGO_1399	174.561833585144	-0.668360068592028	0.208963099775607	-3.19845977260933	0.00138163807706234	0.00589151330973751	FALSE
NGO_1396	981.924262568519	-0.881323481830169	0.166225655561936	-5.30197025754417	1.14559508786343e-07	1.92801215851059e-06	FALSE
NGO_1156	1108.98641955979	0.701855311505321	0.199612716526691	3.51608516590411	0.000437960472986001	0.00224409280579558	FALSE
NGO_1152	4400.37609158755	-0.747007653609717	0.121202454110197	-6.16330468796067	7.12422368243584e-10	2.2541043731227e-08	FALSE
NGO_1116	1037.76197949169	-1.569648497996	0.19090681137484	-8.22206649774293	2.00026221059435e-16	2.36710722149256e-14	TRUE
NGO_1117	2122.1097502496	-0.864724274460795	0.25296531402944	-3.41835115924296	0.000630017654102332	0.00301114177882142	FALSE
NGO_1611	1124.72680176377	0.46684099032733	0.151548358231471	3.08047540583903	0.00206670422344322	0.00813314945643574	FALSE
NGO_1609	1214.68514590613	-0.697232996326194	0.167946665993029	-4.15151436441813	3.30282530429412e-05	0.000257392592679473	FALSE
NGO_1602	654.932263295974	-0.433469256809875	0.182234242873036	-2.37863779043917	0.0173767411778234	0.0476863960206585	FALSE
NGO_1830	7000.50684147781	1.11573118736423	0.323721766227903	3.44657450861287	0.000567741984919894	0.00276359329274853	TRUE
NGO_18311	8760.47969810618	0.748344333703394	0.251137432320246	2.97981996068638	0.00288417844387117	0.0107107283995404	FALSE
NGO_1832	24250.9948789425	1.02919887532725	0.199718390646997	5.1532503941831	2.56009761436694e-07	4.05007442592849e-06	TRUE
NGO_1833	4692.15977365215	1.08473795529856	0.321210844921177	3.37702780727949	0.000732736420701558	0.00342955330636055	TRUE
NGO_1835	28569.2307697808	1.05985286111461	0.210367916865118	5.03809172476693	4.70196115079746e-07	6.76227503687417e-06	TRUE
NGO_0696	1090.54297691308	-0.776157376832488	0.121990722387849	-6.36242954906709	1.98587134442795e-10	7.30615922531399e-09	FALSE
NGO_0449	2603.85713622732	-1.07986423304075	0.308762004144184	-3.49739999918021	0.000469816814828012	0.00236703885687234	TRUE
NGO_0448	143.069312361666	-1.17093893616715	0.258889666253943	-4.52292651580225	6.09904194221543e-06	6.06835493873258e-05	TRUE
NGO_0444	2647.90902125356	0.529055285637926	0.195674936674347	2.70374578691398	0.00685627203852128	0.0214784601285954	FALSE
NGO_0436	4056.99124288875	0.676866076812702	0.196750358705121	3.44022791758744	0.000581224504665103	0.00282054345515397	FALSE
NGO_1880	3937.71383474227	-0.568181501692335	0.236556342439614	-2.40188656889373	0.0163107652550367	0.0452695274271369	FALSE
NGO_1875	1662.20575021099	0.721705338695259	0.140643855066967	5.13143882718249	2.87535675704183e-07	4.50377662340611e-06	FALSE
NGO_1873	25965.1399796487	-0.621793872356524	0.162069405598539	-3.83659007114991	0.00012475445369083	0.00079533215698329	FALSE
NGO_1868	857.033311029172	0.826413607082596	0.244121529845139	3.38525490810597	0.000711121829824565	0.0033581932381566	FALSE
NGO_1867	9264.90172625865	0.661208743435723	0.229657575211851	2.87910704807268	0.00398802941049675	0.0138660714888041	FALSE
NGO_1857	1679.58243682055	0.861081400824887	0.244913005910497	3.515866369055	0.000438321540449327	0.00224409280579558	FALSE
NGO_1854	31699.6096991006	0.387728399914312	0.142797611543384	2.7152302879836	0.00662296987423766	0.0209132501817245	FALSE
NGO_1853	35416.4148782691	0.724081339122292	0.251430501881351	2.87984685113496	0.00397868387183727	0.0138660714888041	FALSE
NGO_1851	64032.4511128416	1.2664391705486	0.205980746807615	6.1483376003654	7.82992392845815e-10	2.42881169702369e-08	TRUE
NGO_1850	58181.4711062447	1.25125562006057	0.216212565179057	5.78715496495009	7.15885314998632e-09	1.57295912267755e-07	TRUE
NGO_1843	86350.4025186141	0.727407395723865	0.228316094732685	3.1859663532504	0.00144271374962545	0.00604031869050613	FALSE
NGO_1841	7403.12533855084	0.763096349702131	0.259478762844809	2.9408817173933	0.00327279480754304	0.0118209164053267	FALSE
NGO_0461	1502.13675301871	-0.454699573803946	0.182371499289369	-2.49326005201324	0.012657610375913	0.0366746146789274	FALSE
NGO_0462	1275.69457152769	0.457094214759487	0.189617217894032	2.41061555398906	0.0159256255431125	0.0442782769933287	FALSE
NGO_0476	972.904202739437	-0.992207388082422	0.258675286234598	-3.83572548628619	0.000125194183543577	0.00079533215698329	FALSE
NGO_1102	6.33012174692854	-1.85568456251897	0.67631581612233	-2.74381364191447	0.00607300031642499	0.0194483532400493	TRUE
NGO_1101	19.3809349543311	-1.12502575046168	0.447332115342213	-2.5149675417358	0.0119043342966983	0.0348108259840603	TRUE
NGO_1090	357.812245492583	-0.615406914919148	0.229540142420384	-2.6810426639541	0.00733931581401689	0.0228423428283099	FALSE
NGO_1084	321.121891976555	-1.07286994952599	0.313568604516738	-3.42148395621259	0.000622803994068749	0.00299475963105399	TRUE
NGO_1082	16181.7176119208	0.567309482471664	0.167826657227818	3.38032998954131	0.000723988494640386	0.00340877916226515	FALSE
NGO_1081	6605.37348974796	-0.459907817682017	0.185993227299837	-2.47271271303124	0.0134091887851264	0.0384263751841275	FALSE
NGO_1079	1497.50552847143	-0.46865979107228	0.163474270956869	-2.8668718834411	0.00414550793396102	0.0142524510202207	FALSE
NGO_0644	498.861837900771	-0.884790900445628	0.176031205401526	-5.02632983979986	4.99955690477183e-07	7.12549461562976e-06	FALSE
NGO_0650	46806.2764112582	1.23027967292917	0.330098192587017	3.7270112365273	0.000193763823324856	0.00110662226895279	TRUE
NGO_0651	377.144858035639	-0.561143343924212	0.234491299193336	-2.39302415848511	0.0167101407786269	0.0461351530746731	FALSE
NGO_0653	98.4990949064936	-0.693687883710412	0.282165181900925	-2.4584460741651	0.0139539731153083	0.0393497067173221	FALSE
NGO_0654	1701.36274335519	-0.636266431382832	0.195740916012905	-3.25055407087644	0.00115180363525757	0.00504751620769384	FALSE
NGO_0657	2259.43445413854	0.506096236877145	0.180591532259462	2.80243614163492	0.00507182561215598	0.0166811395393571	FALSE
NGO_0658	318.961675161364	-1.06113933770959	0.302553338418409	-3.50728021464471	0.000452712154528626	0.00230286375711989	TRUE
NGO_0664	2089.2578123985	0.653496797092586	0.164641457052049	3.96921169669917	7.21107963811523e-05	0.000513870630067491	FALSE
NGO_0665	4479.79183803156	0.772690975181954	0.172671780345756	4.47491172926303	7.64428869870684e-06	7.15577794162972e-05	FALSE
NGO_0666	471.782641843593	-1.14441520904567	0.179614721492933	-6.37150006153977	1.8718821723331e-10	7.05075618245468e-09	TRUE
NGO_0671	2437.56487676793	-0.641036000597203	0.155525700288564	-4.12173678953266	3.7602669305148e-05	0.000290182550442654	FALSE
NGO_0676	3078.76632715838	0.707443216180716	0.197988334815057	3.57315604902454	0.000352704428309715	0.00186614851366545	FALSE
NGO_0677	1551.51801894901	0.646261564618179	0.188310555157834	3.43189240813671	0.000599385299233659	0.00289885575231265	FALSE
NGO_0678	587.98950260502	-1.04521299713082	0.374630556526738	-2.78998330200602	0.00527107599911363	0.0172290128731359	TRUE
NGO_0679	7047.51591408887	0.478282599442799	0.127947525065011	3.73811528749604	0.000185404929466778	0.00107047663655636	FALSE
NGO_0681	522.577603071268	0.590136913387567	0.157811121016235	3.73951410767087	0.000184376300863329	0.0010684370255157	FALSE
NGO_0684	1194.34085184211	0.511774775561156	0.159785204749918	3.20289213486405	0.00136054930233721	0.00583303251029123	FALSE
NGO_0685	1433.40440744381	0.390675069735052	0.130307652444832	2.99809767427474	0.00271670589768877	0.0101844282704825	FALSE
NGO_0687	2954.5599854519	-0.768732794940925	0.167804060964337	-4.58113343934092	4.62462631270535e-06	4.68984540173068e-05	FALSE
NGO_0690	2951.02315632605	-0.322901678261255	0.12654513238706	-2.55167205699865	0.0107207375396323	0.0318202753990586	FALSE
NGO_1904	2817.11149193702	-0.961156231537487	0.271512350112048	-3.54000925239988	0.000400113004362787	0.0020841199531286	FALSE
NGO_1905	862.855900650363	-0.788269916172478	0.145210454372873	-5.42846532349763	5.68406864104058e-08	1.04700372040296e-06	FALSE
NGO_1908	18692.3410980295	-0.627816162258522	0.148913827879919	-4.2159695388717	2.48707332429413e-05	0.000198714646415824	FALSE
NGO_1909	13684.0300092738	-0.446173683181022	0.162506844154277	-2.74556856668415	0.00604061431983284	0.0193838779999504	FALSE
NGO_1916	966.538209551094	0.309980806326031	0.114512218685578	2.70696708075461	0.00679009900481779	0.0213133663206781	FALSE
NGO_1919	7633.60219089054	-0.763286732438667	0.192396106665574	-3.96726703916844	7.270151841402e-05	0.000515756960228608	FALSE
NGO_1921	1764.10601191222	-0.703195468201098	0.158211921856999	-4.44464272949471	8.80380451721032e-06	8.07020284182698e-05	FALSE
NGO_1922	1579.76905967996	-0.574830956143669	0.135010987159195	-4.25766056703127	2.0657728205342e-05	0.000168456319695108	FALSE
NGO_1924	815.740248030635	-1.04317943009164	0.209009966745875	-4.99105112704981	6.00515983354421e-07	8.05098547175164e-06	TRUE
NGO_1926	3295.90339769642	-0.614638213463347	0.160890184982826	-3.82023436376156	0.00013332492733984	0.000833676027872045	FALSE
NGO_1931	7861.7109241709	-1.11095444504796	0.186111187170041	-5.96930502642451	2.38266300448541e-09	6.17929979196053e-08	TRUE
NGO_1933	2686.12907854212	0.631128810490157	0.212327418508216	2.97243198699623	0.00295450661113467	0.0109462048215809	FALSE
NGO_1934	5396.40603059188	0.630288302510265	0.17063013529006	3.69388620268523	0.000220852667820511	0.00123896780316329	FALSE
NGO_1944	375.94965310482	1.324548387169	0.264763351891579	5.00276332697059	5.651430720913e-07	7.77440295694292e-06	TRUE
NGO_1945	487.347894337926	1.99082784791327	0.242295492767748	8.21652860799015	2.09478515176333e-16	2.36710722149256e-14	TRUE
NGO_1946	1371.67178197307	2.08803358704687	0.218124335925006	9.57267596113056	1.04173791301826e-21	3.29605875678976e-19	TRUE
NGO_1948	2511.06579197637	3.70381566128529	0.310573454759596	11.9257315927154	8.69170935283374e-33	4.58342806539433e-30	TRUE
NGO_1949	1224.67499324858	-0.528648947954935	0.110878686372831	-4.76781395278571	1.86235641536549e-06	2.18240581415422e-05	FALSE
NGO_1951	5039.69422053323	-0.337111434564604	0.123538109044858	-2.72880520165802	0.00635642400570971	0.0202739168891789	FALSE
NGO_1962	367.198047877387	-0.861654548478835	0.185204145071435	-4.65245822736033	3.28001198195137e-06	3.50606686178856e-05	FALSE
NGO_1963	1712.23993281168	-0.542078499081475	0.1747393643959	-3.10221169085467	0.0019208054751508	0.00771247274540245	FALSE
NGO_1881	4738.23860855633	-0.906850380222105	0.194599889479632	-4.66007654293669	3.16091816884038e-06	3.42504968705854e-05	FALSE
NGO_1888	185.399059158604	0.982532136675584	0.221688153252632	4.4320461975968	9.33430112715744e-06	8.41589147081715e-05	FALSE
NGO_1889	1829.9654372963	0.436022796287546	0.140880518790656	3.09498289778066	0.0019682424576947	0.00780390869191231	FALSE
NGO_1893	782.098506083629	-0.774453187994777	0.202313472523908	-3.82798623508999	0.000129195979879161	0.00081106365146362	FALSE
NGO_1894	1320.93341260922	-0.853332526378558	0.193827704102817	-4.40253126006126	1.06995167616834e-05	9.30034918515561e-05	FALSE
NGO_1897	558.00036446194	0.458933574084454	0.15038648243317	3.05169431892522	0.00227553706384525	0.00873762047330871	FALSE
NGO_1898	489.387755937092	0.531343153310207	0.159683832595584	3.32746994278306	0.000876384428342701	0.00401751871867814	FALSE
NGO_1183	9044.26379150325	0.673998384820064	0.152411406254689	4.42223060191289	9.76871129800822e-06	8.63357613041843e-05	FALSE
NGO_1189	1157.13600476521	-1.49943235421221	0.38940678284245	-3.85055530688809	0.000117850312413314	0.000754814551570297	TRUE
NGO_1192	193.737123172464	-0.852908516539218	0.285441554689449	-2.98803205954772	0.0028078009968751	0.0104762763609821	FALSE
NGO_1195	552.287345588334	0.689107230012112	0.166387815857196	4.14157266541408	3.44932555977707e-05	0.000267491815468987	FALSE
NGO_1196	602.368117845773	-0.532649227371178	0.189751889579482	-2.80708259902764	0.00499924211247853	0.0165446367666885	FALSE
NGO_1649	138.212964538119	-0.685070344096523	0.169619401235316	-4.03886783650481	5.37098156020669e-05	0.000400796831521084	FALSE
NGO_1652	1860.23990559788	-0.59815685718489	0.227209459815451	-2.63262303282063	0.00847283293886743	0.0258266314244475	FALSE
NGO_1654	2353.13972389437	0.983169167829733	0.184715086283915	5.32262517160381	1.02280357862105e-07	1.73986587245001e-06	FALSE
NGO_1655	9689.7372161654	0.495762151435568	0.132362554438568	3.74548642959033	0.000180044579923319	0.00105103514922026	FALSE
NGO_1662	2244.94710086405	-0.243872476008772	0.0853321238883757	-2.8579210840666	0.00426426429019023	0.0145602699072868	FALSE
NGO_1663	651.216839477571	-0.468405139192597	0.147903335452168	-3.16696805897307	0.00154037236376459	0.00636258245293886	FALSE
NGO_1669	10827.1509498333	-0.287894428587835	0.0771864199407911	-3.72985855295111	0.00019158729336466	0.00110214944764688	FALSE
NGO_1671	775.752611612285	0.593879201875771	0.181648087793772	3.26939418459507	0.00107778040593764	0.00483016601187915	FALSE
NGO_1674	1291.67681978961	0.60132419204327	0.198131396643196	3.03497679939219	0.00240554190790579	0.00921444866418151	FALSE
NGO_1675	5510.98977947681	0.270474041689201	0.111730489921181	2.42077200126844	0.0154875877466874	0.0432122818611277	FALSE
NGO_1678	3456.47712907248	-0.762546083442614	0.203090057416056	-3.75471893181083	0.000173536103633605	0.00102057292174112	FALSE
NGO_1682	590.978586270846	0.608632093920348	0.155563880862232	3.91242549714579	9.1373732484866e-05	0.000609929302915857	FALSE
NGO_1690	1826.5246141802	-0.859801782874139	0.181825564436071	-4.72871779906638	2.25942166353926e-06	2.55314647979936e-05	FALSE
NGO_1063	1302.45540498545	-0.953760780413132	0.274763456336028	-3.47120680869115	0.000518124793110054	0.00257758937956008	FALSE
NGO_1061	732.129506046537	-0.373859180852316	0.135110934834751	-2.76705346839298	0.0056565476960399	0.018375068696376	FALSE
NGO_1059	2738.71152687133	1.11125843422697	0.140723027667376	7.89677746881364	2.86206693127616e-15	2.51543882515494e-13	TRUE
NGO_1058	849.454872679223	0.956256186059464	0.120508820271798	7.93515515215153	2.10232344480909e-15	1.95639746452234e-13	FALSE
NGO_1056	3260.16818755358	-0.717670999674059	0.182201502893707	-3.93888627852172	8.18607170404489e-05	0.000566592925971448	FALSE
NGO_1052	958.975608373513	-1.24841249624258	0.146998799051304	-8.49267139799467	2.01940671676085e-17	2.9042740235597e-15	TRUE
NGO_1046	8121.56641252213	-1.06190834627414	0.279039976390595	-3.80557782440355	0.000141473520261329	0.000868697160055772	TRUE
NGO_1045	1744.53127351163	-0.526571985093505	0.10494500066016	-5.01759952147397	5.23210996620787e-07	7.39035532726862e-06	FALSE
NGO_1041	2050.63905002847	-0.449707458227849	0.133163954137142	-3.37709601026645	0.000732554753087407	0.00342955330636055	FALSE
NGO_1040a	9959.00967637012	0.923821369391772	0.325193509077501	2.84083582114674	0.00449954704455682	0.0151452838818913	FALSE
NGO_1030	3134.56458691273	0.685469925027921	0.132210628842757	5.18468092185821	2.16385001141992e-07	3.49307216129216e-06	FALSE
NGO_1026	2354.59317369111	-0.296238718279954	0.121317801503207	-2.44184047690744	0.0146126019798129	0.040987830376	FALSE
NGO_1025	865.578872683808	-0.497596272403273	0.155710651195952	-3.19564698099605	0.0013951770074242	0.00593325275737925	FALSE
NGO_1013	660.373015266787	-0.937936510755161	0.238645857466262	-3.93024425696457	8.48596111688211e-05	0.000578654762366703	FALSE
NGO_1005	934.147007398488	0.393149572423678	0.157563536698392	2.49518118634418	0.0125892828780544	0.0365435697487743	FALSE
NGO_1002	46.0459860318971	-1.75267636886282	0.472740882709678	-3.70747788686426	0.000209333689194239	0.00117852632137112	TRUE
NGO_0999	5821.51654303021	-0.473188788631478	0.189438492741774	-2.49784920573924	0.0124949332043162	0.0363363682522579	FALSE
NGO_0998	3192.76589159606	0.500342781464728	0.0998575875550955	5.0105634806035	5.42708920409717e-07	7.59792488573604e-06	FALSE
NGO_0994	8746.05351210122	-0.429283926362434	0.152964510590987	-2.80642826694814	0.00500940645464208	0.0165446367666885	FALSE
NGO_0987	7967.29123389983	1.42590672198734	0.213771850285725	6.67022678655536	2.55408433991217e-11	1.06330563835291e-09	TRUE
NGO_0978	15094.9982254509	0.476163669692761	0.151370080050412	3.14569213106171	0.00165694323344075	0.00675588710129709	FALSE
NGO_0974	1440.3310331538	0.304656852993151	0.111888558727875	2.72285974953086	0.00647195266520992	0.0205182948223689	FALSE
NGO_0970	1180.16789019053	-0.37438164167466	0.154972457165794	-2.41579470650153	0.0157009109207066	0.0437303540080245	FALSE
NGO_0968	2541.13220212431	-0.338022965121278	0.110641178916758	-3.05512801319294	0.00224964478349493	0.00865921666055711	FALSE
NGO_0959	4319.77797428652	-1.20682661127117	0.194527860440961	-6.20387541679381	5.50894022837692e-10	1.85428583857283e-08	TRUE
NGO_0958	926.358782971786	-0.488579685077979	0.194685184035801	-2.50958842860962	0.0120871947856734	0.035215363077229	FALSE
NGO_0956	4076.05978848914	-0.562021256062572	0.197352967772655	-2.84779733695216	0.00440229489544732	0.0148812618046958	FALSE
NGO_1502	1813.11919947824	0.442295083500282	0.142906913944376	3.09498729832231	0.00196821325604561	0.00780390869191231	FALSE
NGO_1506	3107.1189982119	0.75772593434588	0.16443802145888	4.60797282540497	4.06613788495392e-06	4.17703255454357e-05	FALSE
NGO_1509	5277.48598351469	0.790076397018218	0.210028046859345	3.76176614901022	0.000168717759137206	0.000995938414011415	FALSE
NGO_1510	10960.6877791105	0.814160418937992	0.160766040486509	5.06425621029284	4.0999793702893e-07	6.14947721107327e-06	FALSE
NGO_1512	1289.06852104737	-0.413356677917991	0.156951705807948	-2.63365521126474	0.00844712178411534	0.0257979665298658	FALSE
NGO_1516	1730.6832980613	-0.482395709822547	0.15567180137858	-3.09879956132455	0.00194306426829319	0.00776806667488745	FALSE
NGO_1520	1258.32885238024	-0.553441733369497	0.151311844026034	-3.65762334688272	0.000254564762646454	0.00139833838370378	FALSE
NGO_1529	5604.27396140457	0.38575008413394	0.0959177643705952	4.02167509496496	5.77857291366439e-05	0.000427171293203571	FALSE
NGO_1530	1730.42607522627	0.831967389397646	0.144928788376077	5.74052538988161	9.43832682623355e-09	2.00747337259239e-07	FALSE
NGO_1531	2592.9578567296	0.649160097954529	0.14652091050315	4.43049456712578	9.40172160307989e-06	8.41589147081715e-05	FALSE
NGO_1533	3322.34660430562	0.459171365456385	0.139564185382578	3.29003722694106	0.00100174128744913	0.00452787061927005	FALSE
NGO_1537	2365.47788548686	0.513669017847849	0.122726305671566	4.18548423695328	2.84558816521367e-05	0.000226217109415479	FALSE
NGO_1539	4276.20888154997	0.840403144422317	0.13943114579937	6.02737028089541	1.66648907631745e-09	4.46845037073595e-08	FALSE
NGO_1540	1386.73868243924	0.381181495439976	0.154687577733816	2.46420236856969	0.0137318556458878	0.0388618884289705	FALSE
NGO_1547	1853.43899962939	0.4455739915047	0.155933819924644	2.85745575732082	0.00427052164158094	0.0145602699072868	FALSE
NGO_1551	726.096465753823	-0.623122322307287	0.251542532787973	-2.47720461188376	0.0132415965990873	0.0380185223589039	FALSE
NGO_1552	6470.53948504088	0.514167658269209	0.212002724448178	2.42528797498964	0.0152962477886252	0.0427962597348477	FALSE
NGO_1561	3191.43335433235	0.665682845632932	0.15111004938978	4.40528507747252	1.05644850655926e-05	9.28500854098197e-05	FALSE
NGO_1562	1491.04781258917	1.13901437492602	0.327531937604717	3.47756735802859	0.000505985900853623	0.0025251409941654	TRUE
NGO_1565	1747.92889241078	-0.606932656858751	0.211796205024879	-2.86564462657609	0.00416161128959441	0.0142524510202207	FALSE
NGO_1566	2262.53361038715	-0.763550049251377	0.154219863426163	-4.95104866706713	7.38146398202638e-07	9.81300505845861e-06	FALSE
NGO_1567	3037.16195222472	-1.16134269652781	0.24986474589434	-4.6478853684261	3.35355179227047e-06	3.56061673514892e-05	TRUE
NGO_1568	1583.65693756193	-0.820377990442549	0.224949813121735	-3.64693786164023	0.000265384068568235	0.00144274088135721	FALSE
NGO_1573	7152.19236750205	-0.425004455172646	0.150972313548151	-2.81511520347136	0.00487597510675534	0.0162054466783339	FALSE
NGO_1577	82808.8204957422	-0.365369434947146	0.130361758933998	-2.80273477386979	0.00506713211070732	0.0166811395393571	FALSE
NGO_1581	14096.9096863043	-2.09725826248941	0.44314008005623	-4.73272077358314	2.21530142016494e-06	2.5212998897129e-05	TRUE
NGO_1583	700.815472238862	-0.993593680033917	0.171230240634511	-5.80267642182863	6.52646653035425e-09	1.4542070494395e-07	FALSE
NGO_1588	1011.96491850617	-0.803437350282274	0.280140102580438	-2.86798406540734	0.00413096338145275	0.0142524510202207	FALSE
NGO_0952	3269.4238226698	0.375996076804127	0.146582653373961	2.56507893771637	0.0103152334637492	0.03074893755931	FALSE
NGO_0949	666.945155640974	-1.28511440128592	0.249320808172565	-5.15446107649561	2.54361385715856e-07	4.05007442592849e-06	TRUE
NGO_0933	2139.39550481614	-0.445284641380239	0.156118782053208	-2.85221698199309	0.00434154540441471	0.0147388944845152	FALSE
NGO_0929	5669.30398027014	0.853431138440911	0.229724714533603	3.7150166457866	0.000203190318237552	0.00114802529804217	FALSE
NGO_0925	6946.86743290221	0.829134222327772	0.174909298707864	4.74036674123657	2.13331722892831e-06	2.44558540301782e-05	FALSE
NGO_0923	1379.3427789981	-0.714024507942562	0.187157863121972	-3.81509222231944	0.00013613208366774	0.000847877780954194	FALSE
NGO_0921	9239.57481674707	0.387290770811608	0.158128031159383	2.44922274673264	0.0143164881443908	0.0402285688178087	FALSE
NGO_0920	2792.86655649418	0.466804094623569	0.165590915753383	2.81901994743955	0.00481705244971461	0.0160771666148703	FALSE
NGO_0909	207.034740030875	0.877596755299363	0.232760242725689	3.77038941454285	0.000162993015960584	0.00096574888108481	FALSE
NGO_0899	5592.33058308878	0.917752885180596	0.181759883153821	5.04925987658077	4.4352504242102e-07	6.55753847766406e-06	FALSE
NGO_0894	522.668780598837	0.69904020272418	0.23652635091227	2.95544323086209	0.00312220149978117	0.0114336175292912	FALSE
NGO_0893	7247.77264978229	0.743877253097185	0.156756367600615	4.74543563673562	2.08058064976371e-06	2.40253911527459e-05	FALSE
NGO_0891	2513.22562617481	-0.816672095449248	0.172985437775762	-4.7210453431802	2.34635619610454e-06	2.63257837038112e-05	FALSE
NGO_0890	6571.18520816473	-0.632341603343749	0.107063360633117	-5.90623720014402	3.50009921778139e-09	8.93089832666155e-08	FALSE
NGO_0887	232.935251138923	0.866246705469494	0.197206119297635	4.39259546587448	1.12005421032908e-05	9.6826544302765e-05	FALSE
NGO_0886	238.432175321864	0.522120226834687	0.204366555247192	2.55482227120359	0.0106242029756656	0.0315930246381635	FALSE
NGO_0881	203.250974442274	0.831840809126616	0.228850076613905	3.63487232093009	0.000278118339274417	0.00150679182442509	FALSE
NGO_0876	233.314054600746	0.67090584205355	0.226551792111086	2.96137954064199	0.00306264270117273	0.0112676761703611	FALSE
NGO_0875	2900.84391864764	0.459498540575389	0.193849892122144	2.37038326689324	0.0177696542228514	0.0485871085936301	FALSE
NGO_0874	1472.22539859171	0.489477140634074	0.146072687891221	3.35091486095321	0.00080545061827984	0.00371493550471926	FALSE
NGO_0873	1885.66313896528	0.669772239570054	0.142958544890232	4.68508014043041	2.79850411778908e-06	3.08330918605829e-05	FALSE
NGO_0872	3138.61620356898	0.482801239223181	0.181947919706623	2.65351337900241	0.00796586126013951	0.0245652875507616	FALSE
NGO_0867	763.488662047701	-0.933480621428812	0.214135273918039	-4.35930337094348	1.30477129785868e-05	0.000112181967022415	FALSE
NGO_0863	8239.03459855388	-3.07588358963374	0.337041670786627	-9.12612254281462	7.09966197967986e-20	1.60452360740765e-17	TRUE
NGO_0862	2630.70492717303	-0.425403545862325	0.172275252203447	-2.46932476035471	0.0135368302628316	0.038655713855234	FALSE
NGO_0859	271.504538362474	-0.542339945585403	0.18724174168367	-2.89646924189395	0.00377387635005507	0.0133450429515179	FALSE
NGO_0858	773.532007910929	-0.645181349548682	0.210745777623565	-3.06142005227316	0.00220289812057239	0.00852074529766629	FALSE
NGO_0853	100.300119789607	-1.38940081880422	0.225376535681344	-6.16479801059981	7.05731678296163e-10	2.2541043731227e-08	TRUE
NGO_0852	242.368790090943	-1.15417428311935	0.27042813656192	-4.26795191429748	1.97275837245666e-05	0.000161704857265619	TRUE
NGO_0850	995.476898970809	0.657117493067017	0.210807539100364	3.11714417743935	0.00182612240635846	0.00735095584442515	FALSE
NGO_0845	1207.20938601185	-0.796647259715743	0.202329031606756	-3.93738482999363	8.23744456216391e-05	0.000566592925971448	FALSE
NGO_0834	2175.79459085356	-0.360861235631458	0.142038274610687	-2.54059151746629	0.0110665127248098	0.0326627297213601	FALSE
NGO_0829	9273.10078737102	0.806150410160102	0.1650906296526	4.8830779303252	1.04442568903476e-06	1.34331824394552e-05	FALSE
NGO_0827	1681.756785395	1.53017678801328	0.281892579976663	5.42822655402976	5.69167635617285e-08	1.04700372040296e-06	TRUE
NGO_0826	2136.106543469	0.812679061564584	0.181183757578143	4.48538584488781	7.27821054676176e-06	6.85364826486733e-05	FALSE
NGO_0825	1929.08679635507	0.840009176814272	0.18663355913638	4.50084743977071	6.76830732585357e-06	6.4893710239396e-05	FALSE
NGO_0821	8772.05141536019	0.403342839144153	0.105180599108197	3.83476461024188	0.000125684601293187	0.00079533215698329	FALSE
NGO_0820	1482.90199690111	1.21913605718051	0.201725251445338	6.04354709410714	1.50762342539032e-09	4.19602025273883e-08	TRUE
NGO_0813	2936.890363685	0.535237933712833	0.136373791039271	3.9247859110898	8.68069042735071e-05	0.000586874028037129	FALSE
NGO_0812	589.845676346607	0.887336483910709	0.12787769638138	6.93894642318494	3.95034901119522e-12	2.1549834950727e-10	FALSE
NGO_0805	272.161848477898	-1.49934885400837	0.25550759764852	-5.86811847399897	4.40768268688891e-09	1.05460445503864e-07	TRUE
NGO_0803	17910.0295094858	0.604629409165257	0.143335146597453	4.21829135085282	2.46160612823302e-05	0.000197678218013434	FALSE
NGO_0798	746.230545319443	-1.34542145991876	0.207299007223703	-6.49024555369372	8.5696583879238e-11	3.38929989242386e-09	TRUE
NGO_0797	154.142273413058	-1.50790757763854	0.322916085194218	-4.6696576812877	3.01702049670787e-06	3.29167339709783e-05	TRUE
NGO_1434	5430.19754935796	0.342468943614557	0.139600663224908	2.45320427355572	0.0141589907730869	0.0398568032082269	FALSE
NGO_1439	3219.42705498087	0.567108075954525	0.214235796722685	2.6471209976576	0.0081180300630494	0.0249858435014478	FALSE
NGO_1441	632.542301729405	-1.01907644193779	0.351753814169147	-2.89712975634643	0.0037659395981031	0.0133450429515179	TRUE
NGO_1452	3378.39495963827	-0.679398677180998	0.145966074171352	-4.65449715653406	3.24772318832149e-06	3.49516876457455e-05	FALSE
NGO_1455	2475.85208964277	1.29773779893625	0.181230915079039	7.16068667627855	8.02739345352449e-13	4.88436017056759e-11	TRUE
NGO_1456	2712.25714429688	-0.698869264242182	0.190847657960056	-3.66192214100136	0.000250329947209913	0.00138469222547581	FALSE
NGO_1466	4074.14791897815	-0.728804996934871	0.277755931580387	-2.623904349362	0.0086928193704846	0.0264462312386666	FALSE
NGO_1467	631.410720597089	0.485983791558893	0.186695953296098	2.60307619409473	0.00923914178137288	0.0278937448437632	FALSE
NGO_1473	13357.0345949887	0.87240503493118	0.299637823725076	2.91153174217294	0.00359661361802203	0.0128149611344839	FALSE
NGO_1474	270.450046071627	-1.00635749176329	0.144385054179119	-6.96995611827548	3.17039859470583e-12	1.79127520600879e-10	TRUE
NGO_1481	1074.86416940287	0.540656291271736	0.202611479665465	2.66843859076703	0.00762047077529786	0.0236384015029828	FALSE
NGO_1483	1376.07624725668	0.481703956161774	0.151231685087058	3.18520524243631	0.00144651378126965	0.00604031869050613	FALSE
NGO_1486	3188.71336836121	0.360687884972102	0.118022685275102	3.0560894639142	0.00224244335146948	0.00865254971225541	FALSE
NGO_1491	4719.42489291146	0.913998836023729	0.136330457674122	6.70428935409656	2.02388871839421e-11	9.14797700714181e-10	FALSE
NGO_1492	4218.25187712745	0.405600596686298	0.134340397077133	3.01920051980654	0.00253442725461682	0.00958579120453931	FALSE
NGO_1382	2419.4285668805	-0.702327546454585	0.116273790426868	-6.04029114279476	1.53836393589666e-09	4.19602025273883e-08	FALSE
NGO_1376	1522.88140804994	-0.616550080123791	0.21759809492841	-2.83343510119717	0.00460506577607033	0.0154347755460662	FALSE
NGO_1374	13453.7103729023	-1.56070850881414	0.199232933919649	-7.8335869382096	4.74144722797061e-15	3.75048475732475e-13	TRUE
NGO_1373	3620.03348951693	-0.955631866737329	0.270801984032831	-3.52889536666568	0.000417298088413137	0.00216447729793306	FALSE
NGO_1371	9786.90625657939	-0.9548142237158	0.21509835998906	-4.43896561444896	9.03922551594755e-06	8.21842227944197e-05	FALSE
NGO_1370	576.747544900674	-0.85208932569392	0.176478015418593	-4.82830296834891	1.37701485690961e-06	1.71530512096929e-05	FALSE
NGO_1367	76.9008302996045	-1.06061571890479	0.296512944797575	-3.57696261668728	0.000347609863083687	0.00184536511207515	TRUE
NGO_1364	19368.0910165829	0.623128239339736	0.195415381537773	3.18873690717785	0.00142895865983156	0.00601226755280196	FALSE
NGO_1360	235.381351355366	-0.705959676207283	0.216118743741121	-3.26653609023806	0.00108871929501777	0.0048380728222419	FALSE
NGO_1355	1975.08426260749	0.956618721051034	0.189814335352787	5.03976013862742	4.66115661504511e-07	6.76227503687417e-06	FALSE
NGO_1354	1009.70284914091	-0.521786439119796	0.151150370150365	-3.45210162966006	0.000556238174583447	0.00273006505295966	FALSE
NGO_1347	1791.40928072891	0.61910556154751	0.232222999187738	2.6659958906439	0.00767606312392316	0.023764250219269	FALSE
NGO_1346	2062.10830424451	1.18394486029682	0.187937933296026	6.29965882636349	2.9830150012118e-10	1.04869549598157e-08	TRUE
NGO_1345	6527.8148040787	0.43387763486793	0.167971954745029	2.58303617128543	0.00979350546207144	0.0294549917129221	FALSE
NGO_1344	2309.37370710535	0.841344189623611	0.129185429929316	6.51268637712435	7.38185335878001e-11	2.99438256758717e-09	FALSE
NGO_1340	2061.12482333194	0.539027075032771	0.123989581865934	4.34735779346045	1.37787349253577e-05	0.000117193326085569	FALSE
NGO_1339	1443.14460994833	0.502254546494906	0.139953723310873	3.58871871796703	0.000332307139451699	0.00177604694125874	FALSE
NGO_1338	445.110377534367	0.830281739224664	0.17454796262614	4.75675411349844	1.96730552405177e-06	2.28843921988963e-05	FALSE
NGO_1337	1441.38693011393	0.741090839714518	0.18328701562282	4.04333518769046	5.26962021556727e-05	0.000395096643650588	FALSE
NGO_1336	13278.7407445867	0.507096880973054	0.156059058598218	3.24939087501867	0.00115652442070778	0.0050542034076235	FALSE
NGO_1335	3645.69376873233	-0.789869886896017	0.129005346128272	-6.12276863402729	9.19631858205543e-10	2.69418074015031e-08	FALSE
NGO_1331	1196.66657695197	-0.374830252267501	0.143727424813641	-2.60792435927598	0.00910930812434201	0.0276071368825844	FALSE
NGO_1329	1208.64894917656	-0.507736331350152	0.153255356774368	-3.31300870675387	0.000922981065507654	0.00419585070584227	FALSE
NGO_1328	5517.58504225607	-1.23537110041896	0.209976842297966	-5.88336831290144	4.01999967213497e-09	9.93693668955863e-08	TRUE
NGO_1323	778.833623952999	0.396076581089888	0.137556444963711	2.87937494455006	0.00398464291727143	0.0138660714888041	FALSE
NGO_1322	782.791927229157	0.818143135570801	0.122184744212681	6.69595161689497	2.14272614579798e-11	9.4160910073678e-10	FALSE
NGO_1320	1935.8943989243	0.289775269790498	0.117484909464361	2.46648928029689	0.0136444812459797	0.0387532663036623	FALSE
NGO_1318	2024.37888727136	-1.43823677588626	0.262710281216542	-5.47461168716414	4.38472026817757e-08	8.2578898384011e-07	TRUE
NGO_1317	159.577295728133	0.652798518970139	0.186625440947032	3.49790744315196	0.000468923838944283	0.00236703885687234	FALSE
NGO_1311	1091.96245160508	-0.432769776826772	0.14705847117953	-2.94284153340914	0.00325214841024487	0.0117732237643189	FALSE
NGO_1307	5370.25742118978	0.845580470973821	0.17974336568658	4.7043765300816	2.54642914474799e-06	2.8369372584446e-05	FALSE
NGO_1304	2934.95408568024	-0.8893584116244	0.221201347690129	-4.02058315155593	5.80542528690062e-05	0.000427171293203571	FALSE
NGO_1302	220.017167397598	0.630021863982958	0.172467962210062	3.65297911513331	0.000259215321780455	0.00141406427260924	FALSE
NGO_1298	291.122712936821	-0.930419352504096	0.284732840427025	-3.26769244850264	0.00108428121310954	0.0048380728222419	FALSE
NGO_1295	21900.0936783481	1.41108313242793	0.240919937952114	5.85706249313578	4.71125880546271e-09	1.09606050444735e-07	TRUE
NGO_1294	372.170198477606	-1.66233831362809	0.286312674013357	-5.80602419839277	6.39737200351515e-09	1.4542070494395e-07	TRUE
NGO_1289	1525.60860884523	1.1289490629038	0.30118069777448	3.74841107430178	0.000177958411473427	0.00104270447018875	TRUE
NGO_1285	8289.84939375527	0.713366296309393	0.248941484630834	2.86559830462678	0.00416222020944498	0.0142524510202207	FALSE
NGO_1284	789.084707855419	0.693894462604162	0.213300897395682	3.25312490981676	0.00114143309821437	0.00501596433715314	FALSE
NGO_1277a	7404.88922303379	3.15065686914549	0.424496037064785	7.42211138396246	1.15267808981366e-13	7.9284206003705e-12	TRUE
NGO_1277	527.892553234427	-2.2472310170888	0.282571689123776	-7.95278190839717	1.82369228118689e-15	1.80317574302353e-13	TRUE
NGO_1276	4215.31175271784	-4.21945840116139	0.631106883206467	-6.68580634031999	2.296565645232e-11	9.81936986691089e-10	TRUE
NGO_1972	4893.69035675874	-0.811331566887599	0.204261392583441	-3.97202602325434	7.12639324690436e-05	0.000511951610015795	FALSE
NGO_1973	783.641769418926	-0.628736171120092	0.205358857324983	-3.06164622899664	0.0022012344393756	0.00852074529766629	FALSE
NGO_1980	7989.69747346419	0.455085346012187	0.139309432970457	3.26672312354252	0.0010880003275244	0.0048380728222419	FALSE
NGO_1994	1278.10732366898	0.544204428648117	0.17395235674681	3.12846827042541	0.00175719982187454	0.00710969339694505	FALSE
NGO_1996	1347.50504475912	0.616525271904896	0.175129364805844	3.5203991779928	0.000430897775142749	0.00222045693900921	FALSE
NGO_1998	2407.76339710873	-0.753203107541039	0.169344344399549	-4.44776062768261	8.67701463552524e-06	8.027507107252e-05	FALSE
NGO_1999	2536.6053525437	-0.62230796654988	0.17457079994896	-3.56478842241559	0.000364149818486567	0.0019202833761525	FALSE
NGO_2000	3675.65318934626	1.12838255897485	0.196612544295511	5.73911783206911	9.51709879547593e-09	2.00747337259239e-07	TRUE
NGO_2001	8147.0617108185	0.741612753598794	0.195944648694899	3.78480738585284	0.000153827671515107	0.000928837314262974	FALSE
NGO_2009	1326.68851071509	-0.796515978187383	0.264602912149642	-3.01023133765409	0.00261048778447127	0.00980948141338135	FALSE
NGO_2011	4174.65171260673	1.68425521761333	0.305475777706262	5.51354752334199	3.51672019979229e-08	6.70295344104988e-07	TRUE
NGO_2012	1478.09699567343	1.48858847058061	0.429240248440846	3.46796106839397	0.000524423257632182	0.00260074480744236	TRUE
NGO_2015	929.027510774097	-0.775686499649675	0.145683323856748	-5.32447008425217	1.01247762563355e-07	1.73986587245001e-06	FALSE
NGO_2017	1724.53955076195	0.695526027796856	0.211225567729051	3.29281173332691	0.000991908697449453	0.00449627380906887	FALSE
NGO_2023	2542.23552448628	-0.682678295899895	0.230736459329665	-2.95869277825971	0.00308946935989844	0.0113400012235715	FALSE
NGO_2029	4428.82353404205	-1.1898403376554	0.157935090486807	-7.53373005320052	4.93110166234692e-14	3.54591037719674e-12	TRUE
NGO_2030	8511.11720683646	-0.730666452086189	0.184337114066889	-3.96375117287046	7.37811568763992e-05	0.000521079420439569	FALSE
NGO_2031	7573.17230344618	-0.552570869404499	0.203183878571052	-2.71956059354024	0.00653687171511069	0.0206826621066102	FALSE
NGO_2032	3000.84892826679	0.704011668003322	0.186344765394493	3.77800614099851	0.000158088981688076	0.000943761392568059	FALSE
NGO_2033	292.701914590217	-0.949565592167866	0.214549342323183	-4.42586111840652	9.60583134554345e-06	8.53731752171333e-05	FALSE
NGO_2034	496.06844948568	0.59098320187656	0.185081542946994	3.19309636426476	0.00140755965885885	0.00596986429038794	FALSE
NGO_2035	1061.73674864081	-0.821994259644814	0.181879984961786	-4.51943219490325	6.2005701597277e-06	6.13081374543077e-05	FALSE
NGO_2039	1798.13755940565	0.775036774299373	0.213639599453856	3.62777676180194	0.00028587226795912	0.00154351511232535	FALSE
NGO_2040	3372.47596488805	0.946634613985715	0.167921467623088	5.63736505751908	1.72671815198576e-08	3.45780774233098e-07	FALSE
NGO_2044	3395.81033412935	-0.406580367758373	0.138889787070998	-2.92735971688498	0.00341853240541225	0.0122633067241773	FALSE
NGO_2045	3418.97221158696	-0.662128705784465	0.104794921189301	-6.31832820016534	2.64408016118908e-10	9.50667003409346e-09	FALSE
NGO_2052	512.095538787146	0.393400674930034	0.146759364672283	2.6805831151457	0.00734940107434244	0.0228423428283099	FALSE
NGO_2054	53.0137145033448	-0.992126756436453	0.401329690478993	-2.47209907458463	0.0134322284935667	0.0384263751841275	FALSE
NGO_2055	250.81526175571	-0.444574290044814	0.151855453096458	-2.92761491918518	0.00341572804853891	0.0122633067241773	FALSE
NGO_2056	4744.73634777845	-0.893027521343993	0.130056425555627	-6.86646213386847	6.58136347026864e-12	3.35861839031129e-10	FALSE
NGO_2057	2247.90982810272	-0.520056868119768	0.137098042850829	-3.79332087683865	0.000148645869640107	0.000900987608316665	FALSE
NGO_2059	3008.13328094026	4.65516333144636	0.279655680580882	16.6460531814586	3.23229071265204e-62	5.11348390741552e-59	TRUE
NGO_1752	5421.7129114202	-0.626155856850739	0.210966986518049	-2.96802768615728	0.00299717332726244	0.0110783369246009	FALSE
NGO_1750	400.816724835946	-1.03599471469256	0.210300984321773	-4.92624757812558	8.3823777162672e-07	1.09594392951527e-05	TRUE
NGO_1749	532.520262829995	-0.662545755838244	0.240780549695579	-2.75165812469448	0.00592943861290637	0.0191046270582849	FALSE
NGO_1748	1537.50342277611	-0.544520008719763	0.219573736493844	-2.47989589927587	0.0131420745262264	0.037870240255902	FALSE
NGO_1744	1439.2012744669	0.644058520159336	0.223324729577873	2.88395522240968	0.00392714589565071	0.0138060995709321	FALSE
NGO_1723	832.239234170932	0.450930417719142	0.185956222328866	2.42492782479559	0.0153114304740353	0.0427962597348477	FALSE
NGO_1722	2194.52121882978	0.711381335340705	0.147621442620378	4.81895666857888	1.44310888898401e-06	1.75615250951746e-05	FALSE
NGO_1717	3764.9848813908	-1.39601741994344	0.153449504233457	-9.09756878601284	9.23764508747054e-20	1.8267443160473e-17	TRUE
NGO_1712	718.236439684997	-0.439012459989511	0.176559460799779	-2.48648505155641	0.0129011989529732	0.0372439721598607	FALSE
NGO_1710	2520.67624089751	0.810787231175503	0.150116281061368	5.4010612669258	6.62477931893682e-08	1.19095464574523e-06	FALSE
NGO_1709	1020.73636889774	-0.625608725824028	0.15887368007781	-3.93777449806432	8.22408266186768e-05	0.000566592925971448	FALSE
NGO_1706	1222.35913811599	-0.541396244643878	0.172706092125743	-3.13478371249175	0.00171980861213053	0.00697624929330895	FALSE
NGO_1704	41.1448084520779	-0.913646126244628	0.328661398823892	-2.77990092391164	0.00543754854594304	0.0177364985560451	FALSE
NGO_1703	982.447964475903	0.803055829937598	0.245138585993636	3.27592584693478	0.00105316208600483	0.00474673054148047	FALSE
NGO_1701	5985.99147395994	-0.552041793519476	0.219276938507617	-2.51755518513088	0.0118172455770856	0.0346201527832396	FALSE
NGO_0641	661.981950431991	0.62746089632381	0.227007231755949	2.76405686052496	0.00570875903372037	0.0185066737527574	FALSE
NGO_0639	10563.7543069262	0.684500771635809	0.227158554785838	3.01331716201992	0.0025840869953241	0.00973339434905412	FALSE
NGO_0637	1504.98880666809	1.6275466385953	0.285344739217688	5.70379059048871	1.17172014790028e-08	2.40735230386785e-07	TRUE
NGO_0636	6438.31780329108	1.14396544880699	0.293246970570021	3.90103074750721	9.57839828742257e-05	0.000631376087112604	TRUE
NGO_0635	850.968363790544	1.4810193622451	0.245169183041054	6.04080555261754	1.5334669117948e-09	4.19602025273883e-08	TRUE
NGO_0633	1816.4342145288	0.832289054772515	0.240159831977523	3.46556311236265	0.000529122322814184	0.00261584848341262	FALSE
NGO_0630	713.434538177282	1.3898770750637	0.236439735044158	5.8783565918145	4.14359557878718e-09	1.00848741625251e-07	TRUE
NGO_0628	485.038759804092	0.628045501162687	0.197477684714345	3.18033656345104	0.00147104092172585	0.00611099015752275	FALSE
NGO_0617	8354.79194164391	-0.927270609545925	0.297112076863565	-3.12094553454227	0.00180271372597409	0.00727523753696687	FALSE
NGO_0604	79806.8078370585	0.864657141520353	0.165805791685801	5.21487900229	1.83937259431095e-07	2.99988396309271e-06	FALSE
NGO_0603	5278.76252091274	0.893248408648093	0.254390268286272	3.51133089589299	0.000445869032951371	0.00227537035525506	FALSE
NGO_0602	95.1820454275562	-2.68665413653485	0.321895385682686	-8.34635802820508	7.04001777616596e-17	9.28109010157879e-15	TRUE
NGO_0598	4735.63912572922	-0.465157639536866	0.118599516269581	-3.92208715657445	8.77852242899889e-05	0.000590962658837287	FALSE
NGO_0597	1485.66958294517	-0.618833197102743	0.125555362634717	-4.92876755016143	8.2749956845775e-07	1.0909202644168e-05	FALSE
NGO_0594	4377.83931298924	0.459414615475978	0.144460938783584	3.18019957051659	0.00147173656764612	0.00611099015752275	FALSE
NGO_0593	2787.89668391094	-0.436605203226593	0.138298476476219	-3.15697767864904	0.00159413548733162	0.00653347756725031	FALSE
NGO_0590a	65.1728096976364	-1.01339913202158	0.319812841754706	-3.16872557856464	0.00153108883390147	0.00634079197704746	TRUE
NGO_0590	6478.64311395666	0.537514873749239	0.111819845099796	4.80697208326055	1.53233378218718e-06	1.8504977430688e-05	FALSE
NGO_0588	2456.4213899085	0.637782068678942	0.142004114212126	4.49129289117796	7.07921194001005e-06	6.70617562221311e-05	FALSE
NGO_0586	1015.87181701354	-0.669833709722124	0.156789304817057	-4.27219006107394	1.93562485553744e-05	0.000159487422992721	FALSE
NGO_0584	11869.7912794564	0.686211270540034	0.221459559746499	3.09858500272252	0.00194447180989597	0.00776806667488745	FALSE
NGO_0583	5629.66256908656	0.652054423642287	0.164653491480367	3.96016153547546	7.48990814803852e-05	0.000526623764008753	FALSE
NGO_0580	11335.6769874396	0.277468055442619	0.0994004591159447	2.7914162360052	0.00524779387183349	0.0171884263048459	FALSE
NGO_0579	1730.45625160188	0.279591095396274	0.10716762145401	2.60891388278369	0.00908300974670201	0.0275802714381623	FALSE
NGO_0574	4771.71937449856	-1.05290727949243	0.181445446943728	-5.80288619652699	6.51830348018807e-09	1.4542070494395e-07	TRUE
NGO_0570	1548.89618786716	-0.616182242908994	0.218833812060418	-2.81575427995958	0.00486628702427487	0.0162054466783339	FALSE
NGO_0569	568.345487529251	-1.04763374205798	0.269507956405234	-3.88720895676546	0.000101403458447782	0.000665644279105355	TRUE
NGO_0568	494.397411800981	-0.685958937305541	0.239220286615293	-2.86747811822782	0.00413757415181771	0.0142524510202207	FALSE
NGO_0559	159.464555314589	0.625004353308873	0.168107486837776	3.71788529509101	0.000200897445034727	0.00113913891772379	FALSE
NGO_0556	1604.08159916818	0.510944324799942	0.133411970585884	3.82982368490706	0.000128235105989645	0.000808238795520394	FALSE
NGO_0554	1587.13865041562	-1.12708222960398	0.314816563673169	-3.58012366456701	0.000343431636404329	0.0018293227232042	TRUE
NGO_0553	706.726826668632	0.407508184916102	0.125124718006709	3.25681601052041	0.00112669438281894	0.00496498750311857	FALSE
NGO_0549	1029.94367886041	0.388551932644403	0.153615545957057	2.52937897804316	0.0114264572743058	0.033599731241546	FALSE
NGO_0547	2123.94222810623	0.308788378203964	0.0811483666035787	3.80523220772192	0.000141671218264468	0.000868697160055772	FALSE
NGO_0544	499.062536476926	0.588230869785961	0.143621769690935	4.09569434391317	4.20904961643795e-05	0.000320130600634848	FALSE
NGO_0541	469.109073228077	0.503424882006112	0.19605555173878	2.56776652097495	0.010235607105826	0.0306680500784407	FALSE
NGO_0537a	2664.5798915975	0.457096516077643	0.148610448843698	3.0758033478413	0.00209936256417771	0.008200473028467	FALSE
NGO_0534	289.335046716844	-0.643454974120476	0.163708029427261	-3.93050344794711	8.47681778609288e-05	0.000578654762366703	FALSE
NGO_0532	327.390859077131	0.459734577721089	0.167211700704515	2.74941631347617	0.00597015057357245	0.0191967036735602	FALSE
NGO_0524	930.588507040776	-0.435961450163186	0.161018866765419	-2.70751781403554	0.00677884326143644	0.0213133663206781	FALSE
NGO_0511	75.3369363255768	-0.981112489038616	0.247058254277669	-3.97117874853896	7.15178924231926e-05	0.000511951610015795	FALSE
NGO_0509	3330.25575781928	-0.898200741372375	0.182407243247016	-4.92415062792232	8.47275558859055e-07	1.09868027386477e-05	FALSE
NGO_0494	66.0706404765234	0.795725918908243	0.313115527839199	2.54131733548804	0.011043563517568	0.0326559205323227	FALSE
NGO_1134	1523.39715110057	0.415337744650591	0.15432038914601	2.69139902347978	0.00711530344453854	0.0222458696625691	FALSE
NGO_1273	371.26953818076	-0.835652094444079	0.220122438516475	-3.7963058199609	0.000146868302918453	0.000893637135449972	FALSE
NGO_1274	685.34964003058	-0.356569476016369	0.134150836561923	-2.65797430082949	0.00786118873106434	0.0242898448682496	FALSE
NGO_1811	981.470247056805	-0.417720649332523	0.162743422056397	-2.56674367574603	0.010265846725798	0.0307005094900046	FALSE
NGO_1808	1545.10423673271	0.954353864375422	0.191203598543085	4.99129656370129	5.9975329464692e-07	8.05098547175164e-06	FALSE
NGO_1807	2456.7147572132	0.587276918734772	0.154507957504949	3.80094933761558	0.000144142774171508	0.000880439647642182	FALSE
NGO_1804	1150.1902079752	-0.632199372372337	0.232018504194635	-2.72477996773051	0.00643443520513378	0.0204814416388765	FALSE
NGO_1803	2045.21751659081	0.468765176806149	0.145073436305356	3.23122680998246	0.0012326008900584	0.00534239618649969	FALSE
NGO_1800	4657.14389345686	0.614838811312287	0.142946770741438	4.30117314384393	1.69896239712043e-05	0.000142965878310879	FALSE
NGO_1799	5461.50429110579	0.950022634292798	0.103720562745447	9.15944350036323	5.21656310110079e-20	1.37543380432358e-17	FALSE
NGO_1798	3460.98167559912	0.803806128015794	0.173820842599832	4.62433685163008	3.75798734009447e-06	3.91127366580885e-05	FALSE
NGO_1797	5346.89053101017	0.822769850424883	0.136981700506367	6.00642164160198	1.89662572852733e-09	5.0007698375504e-08	FALSE
NGO_1796	6292.37611469606	0.475140818163172	0.147218985106915	3.22744255992602	0.00124902115156706	0.00539877448573522	FALSE
NGO_1795	654.362840710493	-0.450531821337737	0.133964559254091	-3.36306724589159	0.000770815848251503	0.00357654161578926	FALSE
NGO_1792	154.645718738794	-0.6957957938047	0.217320588227321	-3.20170214649375	0.001366181808672	0.00584135032788948	FALSE
NGO_1791	781.584240955675	-0.446712634879475	0.180211519537079	-2.4788239732231	0.0131816341266294	0.0379151730696868	FALSE
NGO_1789	281.629115196331	0.743425164138728	0.161245829909365	4.61050784728264	4.01686476715685e-06	4.15338566120401e-05	FALSE
NGO_1785	14182.7161022025	0.576865431433635	0.208346544753479	2.76877848930107	0.00562668755575083	0.0183156784222177	FALSE
NGO_1781	1354.01933921219	-0.646319621133955	0.192190319572598	-3.36291454518247	0.000771242338674057	0.00357654161578926	FALSE
NGO_1780	532.720849487251	-0.928792795630854	0.291271145364745	-3.18875662904326	0.00142886118064437	0.00601226755280196	FALSE
NGO_1778	904.234398368092	0.988021756364941	0.217659994724465	4.53928962745623	5.64440625097657e-06	5.68754820958276e-05	FALSE
NGO_1772	10585.9215058495	-0.283574503016054	0.088909544507985	-3.18947200309395	0.00142532944534583	0.00601226755280196	FALSE
NGO_1769	4073.15820066633	-3.48959752297187	0.429141412929922	-8.13157951628807	4.23732428235612e-16	4.46896467645826e-14	TRUE
NGO_1765	572.279700073832	-0.522863272924243	0.18373658735073	-2.84572213114072	0.00443108423155013	0.0149466423332885	FALSE
NGO_1761	1189.83079518876	-1.10937586881601	0.198620540867078	-5.5854035235884	2.331581956754e-08	4.55378105627756e-07	TRUE
NGO_1758	1757.26248660883	0.403519267075098	0.135292814197753	2.98256244773864	0.00285846327381973	0.0106402091745478	FALSE
NGO_2069	424.152792950521	-0.712135745506464	0.194805640798233	-3.65562179097292	0.000256559368609497	0.00140441841224991	FALSE
NGO_2073	802.144949667404	-0.633241766551252	0.183196557302559	-3.45662481803858	0.000546985823008509	0.002695736984422	FALSE
NGO_2083	3167.96840227263	-1.05498720888739	0.20665517645841	-5.10506064724542	3.30688442422436e-07	5.03027996069513e-06	TRUE
NGO_2090	377.370549084465	1.28010185266407	0.266529501269566	4.80285239182352	1.56421197884761e-06	1.87468435646736e-05	TRUE
NGO_2091	600.25277949938	0.951359068895488	0.29053885576474	3.27446415520352	0.001058625687188	0.00475780067366877	FALSE
NGO_2098	2070.19220135121	0.332590279912809	0.138700542686267	2.39790179238959	0.0164892855447232	0.0456794982324181	FALSE
NGO_2100	502.626733297905	0.550351038369129	0.229570846259126	2.39730369660233	0.0165162281851727	0.0456794982324181	FALSE
NGO_2101	280.127548248053	0.514570566532221	0.162570338990248	3.16521802026313	0.00154966786381772	0.00638430875145736	FALSE
NGO_2104	509.506904436086	-0.806686546259554	0.196002676501841	-4.11569148267205	3.86020369181003e-05	0.000296448652448712	FALSE
NGO_2112	9032.35198363937	0.425643090236651	0.130389051314527	3.2644082148424	0.00109692997361499	0.00486090537327425	FALSE
NGO_2113	2143.73040579452	-1.00218104281932	0.222162571849365	-4.51102557229506	6.45149417324926e-06	6.33929427458406e-05	TRUE
NGO_2116	4265.87680655233	-0.373140297994979	0.135542959507604	-2.75293013632365	0.00590644991990308	0.0191046270582849	FALSE
NGO_2118	1809.2045833889	-0.573905972610425	0.150555341216329	-3.81192701616474	0.00013788759462952	0.000855443822368239	FALSE
NGO_2119	2806.9877450724	-0.454961124924378	0.152091964885093	-2.99135542938185	0.00277742014567816	0.0103874200247349	FALSE
NGO_2122	875.654588414863	-0.919456049376074	0.18920881756819	-4.85947780443534	1.176957755662e-06	1.48955773556583e-05	FALSE
NGO_2124	506.675836181862	-0.546400164067851	0.186954640333569	-2.92263494018095	0.00347083189279794	0.0123947089264252	FALSE
NGO_2125	94.7800422563467	-0.968647874250408	0.280642445433755	-3.45153732092551	0.000557402662519577	0.00273006505295966	FALSE
NGO_2130	2499.8846308638	-0.98441455261801	0.242517484999988	-4.05914877691421	4.925192740649e-05	0.000372806455296972	FALSE
NGO_2133	1000.14261537044	-0.628317516796146	0.136600905218563	-4.59965851464038	4.23184075246809e-06	4.31920778735776e-05	FALSE
NGO_2134	16040.7707576765	0.766281609220292	0.260049381644982	2.94667729787727	0.0032120821986254	0.0117045349432512	FALSE
NGO_2137	1062.41673173808	0.351273074902996	0.104476519265778	3.36222030913369	0.000773184091403242	0.00357654161578926	FALSE
NGO_2139	10630.8446234746	-0.613233533160503	0.166611278624071	-3.68062437444079	0.000232663537877735	0.00129603421451611	FALSE
NGO_2141	2363.3702328134	-0.774707132400182	0.131669123773124	-5.88374183863379	4.01093308299981e-09	9.93693668955863e-08	FALSE
NGO_2143	864.449261237864	-0.855955928685211	0.324785172464909	-2.63545260452951	0.00840251593447611	0.0257113737105246	FALSE
NGO_2145	18288.2454569826	-0.745038734638604	0.230312833487989	-3.23489891273236	0.00121685804533256	0.00528865227394538	FALSE
NGO_2149	20489.4793882927	0.754354307736792	0.194812341234703	3.87221006100416	0.000107852937023839	0.000699276009720135	FALSE
NGO_2150	37413.1279315012	0.728062542856316	0.192650437536698	3.77918966686814	0.00015733954868197	0.000942845325813925	FALSE
NGO_2151	6654.90082500136	0.873696658742708	0.25463664469384	3.43115053135101	0.000601026982780373	0.00289885575231265	FALSE
NGO_2153	2356.49749563835	-0.62035985139591	0.121000044946683	-5.12693901617361	2.94490853983179e-07	4.5674954019744e-06	FALSE
NGO_2156	1369.03637474325	0.431088361364228	0.181170567544904	2.3794613396979	0.0173379616014213	0.0476863960206585	FALSE
NGO_2158	1526.12383797366	0.667891471227138	0.185225735871664	3.60582436389885	0.000311163549051105	0.00167435624013214	FALSE
NGO_2166	3146.52446111021	-0.724534397248809	0.17679671768281	-4.09812131551386	4.16516976152492e-05	0.000318323602064368	FALSE
NGO_2167	333.916684873199	1.00303988365	0.198897269213686	5.04300480150071	4.58277747216287e-07	6.71292033422376e-06	TRUE
NGO_2175	1563.66757497395	-0.829977018349819	0.212601788277836	-3.9039042195881	9.46532526111859e-05	0.000629165737944942	FALSE
NGO_2180	384.689957773573	0.90977808802813	0.213997468865557	4.25134976058849	2.12486028930244e-05	0.000172386101419306	FALSE
NGO_2181	590.868857812706	0.451142847796977	0.189691149633716	2.37830203817157	0.0173925730113274	0.0476863960206585	FALSE
NGO_0001	8622.13559382748	0.675221204125332	0.118008302602224	5.72181100173378	1.05394514967739e-08	2.19387003524951e-07	FALSE
NGO_0017	1361.69481002143	-0.884799597801184	0.19972149556423	-4.43016709494164	9.41601005268417e-06	8.41589147081715e-05	FALSE
NGO_0018	1009.57213316666	-0.716462133324581	0.211344176652085	-3.39002542996026	0.000698861404706358	0.0033101758749864	FALSE
NGO_0019	1507.42891282661	-0.890903862831281	0.184698567127499	-4.82355589806109	1.41021221619026e-06	1.72942304342092e-05	FALSE
NGO_0020	430.492798901927	-0.727697645869151	0.252524378543549	-2.88169265108658	0.00395545350020405	0.0138660714888041	FALSE
NGO_0022	18.467567690585	-1.15620941053639	0.373525071445738	-3.09539974401519	0.00196547806363424	0.00780390869191231	TRUE
NGO_0028	205.956901383615	-0.728154018393784	0.265982700917979	-2.73759915919616	0.00618894591549761	0.0197796210875095	FALSE
NGO_0029	1453.138545071	-0.451832584075669	0.146074569415394	-3.09316389487883	0.0019803473356986	0.00783227371268798	FALSE
NGO_0034	6123.57122673029	-0.640694281188473	0.163496250399487	-3.91870932588972	8.90243961069676e-05	0.000596765231530605	FALSE
NGO_0036	8157.86225914454	0.347193594800979	0.117820202266064	2.94680868071282	0.00321071785015934	0.0117045349432512	FALSE
NGO_0050	878.208624024324	0.75179006880958	0.204144059989757	3.68264483839158	0.00023082664307675	0.00129034540405448	FALSE
NGO_0055	33878.8240951745	0.290368847521625	0.112219885466167	2.587499054338	0.00966754610277014	0.029131538923014	FALSE
NGO_0057	5597.43457974285	1.68218608494416	0.313668892499864	5.36293564700518	8.188018351943e-08	1.4392716703082e-06	TRUE
NGO_0059	1066.89815399594	0.789502448687433	0.25147236491197	3.13951972004481	0.00169225024389982	0.0068821076757057	FALSE
NGO_0065	1331.83122058064	0.877542153613737	0.15429067239573	5.68759044203907	1.28844370190749e-08	2.61322812361236e-07	FALSE
NGO_0066a	5262.98287080907	0.725584209240898	0.291190728235739	2.49178335325803	0.0127103539109578	0.0367601094828797	FALSE
NGO_0068	3786.63836173748	0.651549171105643	0.105572368093599	6.17158810464485	6.7607439772615e-10	2.2282285358391e-08	FALSE
NGO_0072	3608.40854268922	0.410895875034285	0.12201255922275	3.36765229458174	0.000758111421389525	0.00353785329981778	FALSE
NGO_0072a	120.032102505022	0.635093632924907	0.257381076751515	2.46752263585426	0.0136051619148664	0.0387169839506133	FALSE
NGO_0096	5877.4055279343	-0.485644200847421	0.153696086722036	-3.1597694593599	0.00157894020996133	0.00648800886275017	FALSE
NGO_0097	6188.65188474986	-0.777863334129951	0.167898375911069	-4.63294138438816	3.60506636298912e-06	3.77696356705218e-05	FALSE
NGO_0098	23372.1000142369	-0.729225856776767	0.145662667522922	-5.00626460559646	5.54964551338624e-07	7.70135017734827e-06	FALSE
NGO_0100	974.619274169217	-0.711961921849765	0.241923201141325	-2.94292535189238	0.00325126804577064	0.0117732237643189	FALSE
NGO_0101	4518.49421355619	-0.764674842898794	0.151022708941335	-5.06331033431425	4.12038296064328e-07	6.14947721107327e-06	FALSE
NGO_0102	4238.22477377967	0.43237059650062	0.101161209820172	4.27407498654099	1.91932438190634e-05	0.000159487422992721	FALSE
NGO_0105	520.03949847528	-0.600536241455531	0.251517907086836	-2.38764805421269	0.0169565713389336	0.0467339649097438	FALSE
NGO_0106	4410.30339188016	-0.43919875979286	0.15958062346466	-2.7522060652315	0.00591952597624231	0.0191046270582849	FALSE
NGO_0110	338.072141572948	1.21004544504136	0.269265071682612	4.4938819486683	6.99364084024718e-06	6.66502398148857e-05	TRUE
NGO_0116	11645.7216796949	-0.756321859704885	0.270375590928877	-2.79730081072236	0.005153153093499	0.016913460983227	FALSE
NGO_0121	259.632175014416	-0.585554708244728	0.199839862473202	-2.93011965179494	0.00338831508274728	0.0122102835100369	FALSE
NGO_0127	740.943297313115	-0.644697873015074	0.150869913193327	-4.27320371152429	1.92684268463738e-05	0.000159487422992721	FALSE
NGO_0135	795.060180878067	0.392267095482519	0.13844182871143	2.8334434696046	0.00460494520511391	0.0154347755460662	FALSE
NGO_0138	2722.89969886826	-0.864022923833465	0.122761014184815	-7.03825175745691	1.94666733671373e-12	1.14060286173375e-10	FALSE
NGO_0139	826.372220486515	-0.505572811769497	0.119415492494273	-4.23372881700206	2.29848087674331e-05	0.000185520242194282	FALSE
NGO_0140	170.481894381814	-0.788507797845548	0.260025880729566	-3.03242044843074	0.00242601033026029	0.00927040662432795	FALSE
NGO_0142	13216.0982663525	-0.774805050990333	0.194179610133117	-3.99014629012375	6.60325551171808e-05	0.000479190377043028	FALSE
NGO_0143	2158.90890321395	0.4574862900014	0.0976597451674943	4.6844919492343	2.80655197719592e-06	3.08330918605829e-05	FALSE
NGO_0146	4847.09152231238	0.603680496274043	0.144512189186007	4.17736731880121	2.94902582811852e-05	0.000233267943004175	FALSE
NGO_0146a	571.311693422221	0.98119281433834	0.253092602498339	3.8768134850752	0.000105833424921754	0.000689006083235454	FALSE
NGO_0151	2212.61508234691	0.56093425023791	0.182580041116278	3.07226489165196	0.00212441111506688	0.00827787779319163	FALSE
NGO_0153	522.1921380934	0.553026343873076	0.192274484249851	2.87623366163576	0.0040245167148032	0.0139316968114194	FALSE
NGO_0154	674.186326562112	0.459780076684058	0.152156072991316	3.02176618813171	0.00251304577072317	0.00955682309924052	FALSE
NGO_0156	6230.40443488837	1.37922573322403	0.158315681445709	8.71187061590618	2.98900733795603e-18	4.72860960864643e-16	TRUE
NGO_0158	7235.81032120862	0.799961297681393	0.217970324200797	3.67004683144141	0.000242506035554838	0.00134612122192195	FALSE
NGO_0165	106.150770094635	-0.761497326839125	0.258478878677297	-2.94607176700821	0.00321837718098247	0.0117045349432512	FALSE
NGO_0171	10822.4388501488	0.646260976348142	0.176655280934176	3.65831676772203	0.000253877147850913	0.00139833838370378	FALSE
NGO_0172	11458.5861731375	1.11713869764892	0.184518425288368	6.0543476669229	1.40987819272413e-09	4.05532236525378e-08	TRUE
NGO_0173	10197.0907000646	0.608848375552818	0.179546807368276	3.39102869316961	0.000696308107909786	0.00330798626640625	FALSE
NGO_0176	1872.85510625718	0.79972920483876	0.203616216109303	3.92763022572553	8.57869722060787e-05	0.00058246776836917	FALSE
NGO_0186	24790.2961930908	-1.20328255502634	0.250799047157125	-4.79779556049304	1.60421390559036e-06	1.90817022454432e-05	TRUE
NGO_1259	3080.33071387458	-0.568026113300322	0.171233148172291	-3.31726724272327	0.000909026216995842	0.00414432125443061	FALSE
NGO_1258	3894.79407218799	-1.10690758933781	0.188701341338491	-5.86592327053073	4.46640319137732e-09	1.05460445503864e-07	TRUE
NGO_1256	303.267138289631	0.687651544807678	0.271782262405531	2.53015608421723	0.0114011795413056	0.0335878324661926	FALSE
NGO_1252	1294.92447431291	0.273421270324904	0.115924029615587	2.35862462020678	0.01834279982134	0.0499454549352149	FALSE
NGO_1249	8394.36358386192	-1.11283151455446	0.201538912901533	-5.5216707212178	3.35791329410214e-08	6.47831564788974e-07	TRUE
NGO_1248	248.214088247307	0.647997945830976	0.210546067452438	3.07770149151495	0.00208603760553841	0.00816859280188556	FALSE
NGO_1247	1339.67584591214	-1.97847841033132	0.201829371029452	-9.80272791933051	1.09585393551231e-22	4.3341023149512e-20	TRUE
NGO_1246	8414.73436569693	1.08566690778621	0.244292829052348	4.44412106568045	8.82519021261737e-06	8.07020284182698e-05	TRUE
NGO_1245	170.478267483174	-0.960312719559377	0.248382861125146	-3.86625999559419	0.00011051711856378	0.000710723908812605	FALSE
NGO_1244	69.7203509280241	-1.01900619742994	0.258239703702144	-3.94597028582897	7.94774703688199e-05	0.000553891445477855	TRUE
NGO_1238	3742.25282448411	0.568994091962188	0.230598354896756	2.46746813183875	0.0136072332974342	0.0387169839506133	FALSE
NGO_1236	7015.5908672767	0.559746831614231	0.171641637441918	3.26113663302498	0.00110966555661805	0.00490360589544626	FALSE
NGO_1235	1038.55763454628	1.12387641347833	0.269720014608459	4.16682616271475	3.08869850811197e-05	0.000241897081179858	TRUE
NGO_1234	756.65045423911	0.544783474463155	0.200021084036039	2.72363024672439	0.0064568750205834	0.0205115989609698	FALSE
NGO_1232	2874.12470316528	0.359224553211903	0.125926773805315	2.85264636229997	0.00433568412152676	0.0147388944845152	FALSE
NGO_1229	1314.51972355729	0.43077629544072	0.13990717804449	3.07901496879405	0.00207686246353451	0.00815284470796921	FALSE
NGO_1228	2295.63075935958	0.307649134663421	0.124940430030555	2.46236654210477	0.0138023529347874	0.0389916470407743	FALSE
NGO_1226	1230.96895898462	0.810739870671569	0.199916523969863	4.05539199347917	5.00502956348915e-05	0.000377045560449516	FALSE
NGO_1222	1156.37329121708	-0.631716653858315	0.217537949925277	-2.90393769949246	0.00368501479805365	0.013100434630384	FALSE
NGO_1216	967.819801226777	0.568099050366073	0.150652253112288	3.77092966503889	0.00016264051254277	0.00096574888108481	FALSE
NGO_1215	9388.5130033835	-2.64102701363055	0.216897214809937	-12.1763989267673	4.15213331617186e-34	3.28433745309194e-31	TRUE
NGO_1205	524.560607972262	0.951830594520291	0.237753471103907	4.00343511327456	6.24293294414616e-05	0.000457237033224038	FALSE
NGO_0187	325.686972258924	-1.05601199587243	0.169715965640916	-6.22223131385725	4.90133690483242e-10	1.68563369205324e-08	TRUE
NGO_0189	11722.4933571246	0.366265032518735	0.116202170960952	3.15196376702646	0.00162176396125246	0.00662953639974519	FALSE
NGO_0190	5570.02817801458	0.565186194221887	0.104593826533382	5.40362861704369	6.53060891204125e-08	1.18751991940796e-06	FALSE
NGO_0191	18815.1304031826	0.677981739165139	0.26433191694412	2.56488791441884	0.0103209139342564	0.03074893755931	FALSE
NGO_0201	123.452719085364	0.964063051465168	0.242426015734582	3.97673099788377	6.98691259893015e-05	0.000504716700068835	FALSE
NGO_0202	708.882880060548	-0.467024945200562	0.197157839324812	-2.36878709362984	0.017846523517479	0.0486779313873306	FALSE
NGO_0203	305.121626541198	-0.44532313389542	0.187890873436564	-2.37011583239977	0.0177825131957723	0.0485871085936301	FALSE
NGO_0205	637.420916275955	-0.594240987742044	0.159374175271809	-3.728590198058	0.000192553988860424	0.00110369713904779	FALSE
NGO_0208	4575.68891092391	-0.561266887445488	0.16099861462417	-3.48615973345914	0.00049000832068171	0.00245314292189388	FALSE
NGO_0209	2276.88785803167	0.386147469896327	0.134044399672658	2.88074302872269	0.00396738957363003	0.0138660714888041	FALSE
NGO_0210	446.767886611782	0.758821245305345	0.172351640085674	4.40275035925474	1.0688713312206e-05	9.30034918515561e-05	FALSE
NGO_0211	1121.71206284227	0.834274747267368	0.185066501320633	4.50797276283926	6.54499755856381e-06	6.39147292447405e-05	FALSE
NGO_0215	1327.48881628674	0.594222367516701	0.209852161637096	2.83162376256247	0.00463123069507691	0.0154896553057329	FALSE
NGO_0216	1655.71901333397	0.786734246909818	0.231274575171428	3.40173253513347	0.000669601358486399	0.00319069081061892	FALSE
NGO_0224	1055.00871832535	0.359024432932796	0.133703340613453	2.68523158273783	0.00724795664033751	0.0226159120414476	FALSE
NGO_0226	769.293119453932	-1.65237948738835	0.256369202677042	-6.44531195687305	1.15362880002067e-10	4.45131893081148e-09	TRUE
NGO_0231	879.207515185551	0.483188248793	0.124348931863321	3.8857450687562	0.000102016519542185	0.000666901379817092	FALSE
NGO_0233	6388.81147869541	-1.41072351841132	0.229759731453171	-6.13999463478153	8.25242680631301e-10	2.51064215530523e-08	TRUE
NGO_0237	496.663842735215	-0.654189070993457	0.187568128367391	-3.48774110339307	0.000487119509687047	0.00244642242642828	FALSE
NGO_0243	1724.71388708452	-0.939986841130837	0.119847563771975	-7.84318689130201	4.39253492194916e-15	3.65736328764399e-13	FALSE
NGO_0248	4943.16154869247	0.787240866782681	0.180850350434118	4.35299608152801	1.34289551515225e-05	0.000114835713782209	FALSE
NGO_0250	1004.39816577965	-0.822669502323496	0.197018426462641	-4.17559675556282	2.97205894089273e-05	0.000233920260920015	FALSE
NGO_0261	865.038126451714	0.851623512889804	0.211764537341903	4.02155867823526	5.78143014731443e-05	0.000427171293203571	FALSE
NGO_0262	507.602570741542	1.31367232117061	0.249493928685272	5.2653478507197	1.39924162709441e-07	2.30583359798267e-06	TRUE
NGO_0264	814.763614932935	0.536160498648341	0.160152338358192	3.34781561196553	0.000814511841211901	0.00374580736278264	FALSE
NGO_0267	687.246158504606	1.04272865616326	0.233158591627568	4.47218628695803	7.74239341624314e-06	7.2049802261745e-05	TRUE
NGO_0271	1438.28428832029	0.78231674686014	0.181938446665542	4.29989791161773	1.70876806609599e-05	0.00014303021590285	FALSE
NGO_0274	3911.58887531082	-0.375265007672057	0.142293888743318	-2.63725315954357	0.00835804297157183	0.0256248526764082	FALSE
NGO_0277	4689.76411019634	-0.549863749609312	0.145335972947413	-3.78339745114769	0.000154702080442569	0.000930565366008151	FALSE
NGO_0278	2329.38948768676	0.835396650853957	0.123551676807943	6.76151609138057	1.36555146725732e-11	6.35383065059142e-10	FALSE
NGO_0282	769.951828645234	-0.715243672938338	0.135650325915174	-5.27270147058549	1.34430134302404e-07	2.23861549964634e-06	FALSE
NGO_0284	1951.6870364106	-1.25975782947515	0.170606846796996	-7.38398166970481	1.5362460626095e-13	1.01264219627009e-11	TRUE
NGO_0286	2004.25655405074	0.804470669212653	0.201487355496369	3.99266081601409	6.53359935041284e-05	0.000476320468772032	FALSE
NGO_0291	3445.39593719849	0.684863466859472	0.23733196883994	2.88567726550717	0.00390572442150538	0.0137613720151927	FALSE
NGO_0293	1879.78764485947	0.346722516274944	0.114823954183987	3.01960090765884	0.00253107962648541	0.00958579120453931	FALSE
NGO_0295	22074.5737869921	0.638075259194859	0.141671019841403	4.50392225530082	6.67106198730912e-06	6.43513418531892e-05	FALSE
NGO_0296	7579.44942561379	0.65283514891054	0.168649575498822	3.87095637198981	0.000108409195035769	0.000700013659373822	FALSE
NGO_0304	9053.50744734244	0.607900182147614	0.198343489818746	3.06488598493016	0.00217752991410648	0.00846401062436475	FALSE
NGO_0316	871.30505677945	0.428758477236372	0.144703398690317	2.96301594238272	0.00304640790525912	0.0112340729746385	FALSE
NGO_0317	717.934026966828	0.583867774770461	0.162003554384935	3.60404299144659	0.000313305198301527	0.00168016550411192	FALSE
NGO_0319	145.776521284548	-0.954744084452854	0.316279362508041	-3.01867335535869	0.00253884103331351	0.00958579120453931	FALSE
NGO_0321	1738.28236137877	-0.432365762487488	0.10955964103901	-3.94639630421515	7.93362579542681e-05	0.000553891445477855	FALSE
NGO_0322	18865.9759096123	1.04014642200518	0.273083376366001	3.80889688653593	0.000139588149988184	0.000862611145630107	TRUE
NGO_0323	169.686496927513	-1.28843253946064	0.269496108851625	-4.78089477785374	1.74516692475906e-06	2.06033886191704e-05	TRUE
NGO_0327	677.943780265506	-0.685734320157372	0.193723293651506	-3.53976182849213	0.000400488284292728	0.0020841199531286	FALSE
NGO_0328	571.149780027832	-1.575759564879	0.230609615299142	-6.83301762086093	8.31467381382854e-12	4.11056686671148e-10	TRUE
NGO_0332	1964.97592679489	-0.75052872829337	0.234002587918776	-3.20735225609506	0.00133962851203742	0.00575894648381306	FALSE
NGO_0333	3402.93851678167	-0.612626730139104	0.174730735809525	-3.50611887084898	0.000454692104344522	0.00230552214446485	FALSE
NGO_0340	45589.4536866391	1.03669390072344	0.278344647573365	3.7244973444305	0.000195704772249734	0.00111368686942115	TRUE
NGO_0346	14171.8052420884	-0.558586784627294	0.149200949066133	-3.74385543874592	0.000181217941623903	0.00105399552812138	FALSE
NGO_0353	1152.93996100907	-0.794936821068156	0.17646192611246	-4.50486310889262	6.64157422146638e-06	6.43513418531892e-05	FALSE
NGO_0358	546.174846354903	-0.406000536948118	0.14252390974582	-2.84864860690523	0.00439053434074264	0.0148732876382331	FALSE
