ID	baseMean	log2FoldChange	lfcSE	stat	pvalue	padj	Significant
NGO_0372	26156.0100655623	1.32931550933811	0.266297496680587	4.99184380592419	5.98056112534426e-07	8.05098547175164e-06	TRUE
NGO_0373	5092.34787816913	1.56128165704815	0.320243765613511	4.87529133957409	1.08647986071233e-06	1.38613801584427e-05	TRUE
NGO_0374	10194.9986450008	1.69410277986621	0.293436449678323	5.77332087313405	7.77242274066264e-09	1.68437983229155e-07	TRUE
NGO_0377	1430.13863228553	-1.29228352527717	0.145110160292172	-8.90553440693069	5.31294721819174e-19	9.3389805546437e-17	TRUE
NGO_0711	280.404988094838	-1.01759587627509	0.131728080655082	-7.72497307494801	1.11876988651825e-14	8.42806647843748e-13	TRUE
NGO_0738	379.454101858056	-1.21538384881036	0.216357718354874	-5.61747395956943	1.93769365759257e-08	3.8317892078893e-07	TRUE
NGO_0754	253.312995894222	-1.32125317351755	0.194871964519164	-6.78010906688232	1.20085192307752e-11	5.75681134032919e-10	TRUE
NGO_1422	3448.04198860202	-1.51808148976608	0.209722385227763	-7.23852862972833	4.53578470556438e-13	2.87024456168114e-11	TRUE
NGO_1410	402.256004928692	1.16211270374358	0.24089524118019	4.82414139046575	1.406076503854e-06	1.72942304342092e-05	TRUE
NGO_1116	1037.76197949169	-1.569648497996	0.19090681137484	-8.22206649774293	2.00026221059435e-16	2.36710722149256e-14	TRUE
NGO_1830	7000.50684147781	1.11573118736423	0.323721766227903	3.44657450861287	0.000567741984919894	0.00276359329274853	TRUE
NGO_1832	24250.9948789425	1.02919887532725	0.199718390646997	5.1532503941831	2.56009761436694e-07	4.05007442592849e-06	TRUE
NGO_1833	4692.15977365215	1.08473795529856	0.321210844921177	3.37702780727949	0.000732736420701558	0.00342955330636055	TRUE
NGO_1835	28569.2307697808	1.05985286111461	0.210367916865118	5.03809172476693	4.70196115079746e-07	6.76227503687417e-06	TRUE
NGO_0449	2603.85713622732	-1.07986423304075	0.308762004144184	-3.49739999918021	0.000469816814828012	0.00236703885687234	TRUE
NGO_0448	143.069312361666	-1.17093893616715	0.258889666253943	-4.52292651580225	6.09904194221543e-06	6.06835493873258e-05	TRUE
NGO_1851	64032.4511128416	1.2664391705486	0.205980746807615	6.1483376003654	7.82992392845815e-10	2.42881169702369e-08	TRUE
NGO_1850	58181.4711062447	1.25125562006057	0.216212565179057	5.78715496495009	7.15885314998632e-09	1.57295912267755e-07	TRUE
NGO_1102	6.33012174692854	-1.85568456251897	0.67631581612233	-2.74381364191447	0.00607300031642499	0.0194483532400493	TRUE
NGO_1101	19.3809349543311	-1.12502575046168	0.447332115342213	-2.5149675417358	0.0119043342966983	0.0348108259840603	TRUE
NGO_1084	321.121891976555	-1.07286994952599	0.313568604516738	-3.42148395621259	0.000622803994068749	0.00299475963105399	TRUE
NGO_0650	46806.2764112582	1.23027967292917	0.330098192587017	3.7270112365273	0.000193763823324856	0.00110662226895279	TRUE
NGO_0658	318.961675161364	-1.06113933770959	0.302553338418409	-3.50728021464471	0.000452712154528626	0.00230286375711989	TRUE
NGO_0666	471.782641843593	-1.14441520904567	0.179614721492933	-6.37150006153977	1.8718821723331e-10	7.05075618245468e-09	TRUE
NGO_0678	587.98950260502	-1.04521299713082	0.374630556526738	-2.78998330200602	0.00527107599911363	0.0172290128731359	TRUE
NGO_1924	815.740248030635	-1.04317943009164	0.209009966745875	-4.99105112704981	6.00515983354421e-07	8.05098547175164e-06	TRUE
NGO_1931	7861.7109241709	-1.11095444504796	0.186111187170041	-5.96930502642451	2.38266300448541e-09	6.17929979196053e-08	TRUE
NGO_1944	375.94965310482	1.324548387169	0.264763351891579	5.00276332697059	5.651430720913e-07	7.77440295694292e-06	TRUE
NGO_1945	487.347894337926	1.99082784791327	0.242295492767748	8.21652860799015	2.09478515176333e-16	2.36710722149256e-14	TRUE
NGO_1946	1371.67178197307	2.08803358704687	0.218124335925006	9.57267596113056	1.04173791301826e-21	3.29605875678976e-19	TRUE
NGO_1948	2511.06579197637	3.70381566128529	0.310573454759596	11.9257315927154	8.69170935283374e-33	4.58342806539433e-30	TRUE
NGO_1189	1157.13600476521	-1.49943235421221	0.38940678284245	-3.85055530688809	0.000117850312413314	0.000754814551570297	TRUE
NGO_1059	2738.71152687133	1.11125843422697	0.140723027667376	7.89677746881364	2.86206693127616e-15	2.51543882515494e-13	TRUE
NGO_1052	958.975608373513	-1.24841249624258	0.146998799051304	-8.49267139799467	2.01940671676085e-17	2.9042740235597e-15	TRUE
NGO_1046	8121.56641252213	-1.06190834627414	0.279039976390595	-3.80557782440355	0.000141473520261329	0.000868697160055772	TRUE
NGO_1002	46.0459860318971	-1.75267636886282	0.472740882709678	-3.70747788686426	0.000209333689194239	0.00117852632137112	TRUE
NGO_0987	7967.29123389983	1.42590672198734	0.213771850285725	6.67022678655536	2.55408433991217e-11	1.06330563835291e-09	TRUE
NGO_0959	4319.77797428652	-1.20682661127117	0.194527860440961	-6.20387541679381	5.50894022837692e-10	1.85428583857283e-08	TRUE
NGO_1562	1491.04781258917	1.13901437492602	0.327531937604717	3.47756735802859	0.000505985900853623	0.0025251409941654	TRUE
NGO_1567	3037.16195222472	-1.16134269652781	0.24986474589434	-4.6478853684261	3.35355179227047e-06	3.56061673514892e-05	TRUE
NGO_1581	14096.9096863043	-2.09725826248941	0.44314008005623	-4.73272077358314	2.21530142016494e-06	2.5212998897129e-05	TRUE
NGO_0949	666.945155640974	-1.28511440128592	0.249320808172565	-5.15446107649561	2.54361385715856e-07	4.05007442592849e-06	TRUE
NGO_0863	8239.03459855388	-3.07588358963374	0.337041670786627	-9.12612254281462	7.09966197967986e-20	1.60452360740765e-17	TRUE
NGO_0853	100.300119789607	-1.38940081880422	0.225376535681344	-6.16479801059981	7.05731678296163e-10	2.2541043731227e-08	TRUE
NGO_0852	242.368790090943	-1.15417428311935	0.27042813656192	-4.26795191429748	1.97275837245666e-05	0.000161704857265619	TRUE
NGO_0827	1681.756785395	1.53017678801328	0.281892579976663	5.42822655402976	5.69167635617285e-08	1.04700372040296e-06	TRUE
NGO_0820	1482.90199690111	1.21913605718051	0.201725251445338	6.04354709410714	1.50762342539032e-09	4.19602025273883e-08	TRUE
NGO_0805	272.161848477898	-1.49934885400837	0.25550759764852	-5.86811847399897	4.40768268688891e-09	1.05460445503864e-07	TRUE
NGO_0798	746.230545319443	-1.34542145991876	0.207299007223703	-6.49024555369372	8.5696583879238e-11	3.38929989242386e-09	TRUE
NGO_0797	154.142273413058	-1.50790757763854	0.322916085194218	-4.6696576812877	3.01702049670787e-06	3.29167339709783e-05	TRUE
NGO_1441	632.542301729405	-1.01907644193779	0.351753814169147	-2.89712975634643	0.0037659395981031	0.0133450429515179	TRUE
NGO_1455	2475.85208964277	1.29773779893625	0.181230915079039	7.16068667627855	8.02739345352449e-13	4.88436017056759e-11	TRUE
NGO_1474	270.450046071627	-1.00635749176329	0.144385054179119	-6.96995611827548	3.17039859470583e-12	1.79127520600879e-10	TRUE
NGO_1374	13453.7103729023	-1.56070850881414	0.199232933919649	-7.8335869382096	4.74144722797061e-15	3.75048475732475e-13	TRUE
NGO_1367	76.9008302996045	-1.06061571890479	0.296512944797575	-3.57696261668728	0.000347609863083687	0.00184536511207515	TRUE
NGO_1346	2062.10830424451	1.18394486029682	0.187937933296026	6.29965882636349	2.9830150012118e-10	1.04869549598157e-08	TRUE
NGO_1328	5517.58504225607	-1.23537110041896	0.209976842297966	-5.88336831290144	4.01999967213497e-09	9.93693668955863e-08	TRUE
NGO_1318	2024.37888727136	-1.43823677588626	0.262710281216542	-5.47461168716414	4.38472026817757e-08	8.2578898384011e-07	TRUE
NGO_1295	21900.0936783481	1.41108313242793	0.240919937952114	5.85706249313578	4.71125880546271e-09	1.09606050444735e-07	TRUE
NGO_1294	372.170198477606	-1.66233831362809	0.286312674013357	-5.80602419839277	6.39737200351515e-09	1.4542070494395e-07	TRUE
NGO_1289	1525.60860884523	1.1289490629038	0.30118069777448	3.74841107430178	0.000177958411473427	0.00104270447018875	TRUE
NGO_1277a	7404.88922303379	3.15065686914549	0.424496037064785	7.42211138396246	1.15267808981366e-13	7.9284206003705e-12	TRUE
NGO_1277	527.892553234427	-2.2472310170888	0.282571689123776	-7.95278190839717	1.82369228118689e-15	1.80317574302353e-13	TRUE
NGO_1276	4215.31175271784	-4.21945840116139	0.631106883206467	-6.68580634031999	2.296565645232e-11	9.81936986691089e-10	TRUE
NGO_2000	3675.65318934626	1.12838255897485	0.196612544295511	5.73911783206911	9.51709879547593e-09	2.00747337259239e-07	TRUE
NGO_2011	4174.65171260673	1.68425521761333	0.305475777706262	5.51354752334199	3.51672019979229e-08	6.70295344104988e-07	TRUE
NGO_2012	1478.09699567343	1.48858847058061	0.429240248440846	3.46796106839397	0.000524423257632182	0.00260074480744236	TRUE
NGO_2029	4428.82353404205	-1.1898403376554	0.157935090486807	-7.53373005320052	4.93110166234692e-14	3.54591037719674e-12	TRUE
NGO_2059	3008.13328094026	4.65516333144636	0.279655680580882	16.6460531814586	3.23229071265204e-62	5.11348390741552e-59	TRUE
NGO_1750	400.816724835946	-1.03599471469256	0.210300984321773	-4.92624757812558	8.3823777162672e-07	1.09594392951527e-05	TRUE
NGO_1717	3764.9848813908	-1.39601741994344	0.153449504233457	-9.09756878601284	9.23764508747054e-20	1.8267443160473e-17	TRUE
NGO_0637	1504.98880666809	1.6275466385953	0.285344739217688	5.70379059048871	1.17172014790028e-08	2.40735230386785e-07	TRUE
NGO_0636	6438.31780329108	1.14396544880699	0.293246970570021	3.90103074750721	9.57839828742257e-05	0.000631376087112604	TRUE
NGO_0635	850.968363790544	1.4810193622451	0.245169183041054	6.04080555261754	1.5334669117948e-09	4.19602025273883e-08	TRUE
NGO_0630	713.434538177282	1.3898770750637	0.236439735044158	5.8783565918145	4.14359557878718e-09	1.00848741625251e-07	TRUE
NGO_0602	95.1820454275562	-2.68665413653485	0.321895385682686	-8.34635802820508	7.04001777616596e-17	9.28109010157879e-15	TRUE
NGO_0590a	65.1728096976364	-1.01339913202158	0.319812841754706	-3.16872557856464	0.00153108883390147	0.00634079197704746	TRUE
NGO_0574	4771.71937449856	-1.05290727949243	0.181445446943728	-5.80288619652699	6.51830348018807e-09	1.4542070494395e-07	TRUE
NGO_0569	568.345487529251	-1.04763374205798	0.269507956405234	-3.88720895676546	0.000101403458447782	0.000665644279105355	TRUE
NGO_0554	1587.13865041562	-1.12708222960398	0.314816563673169	-3.58012366456701	0.000343431636404329	0.0018293227232042	TRUE
NGO_1769	4073.15820066633	-3.48959752297187	0.429141412929922	-8.13157951628807	4.23732428235612e-16	4.46896467645826e-14	TRUE
NGO_1761	1189.83079518876	-1.10937586881601	0.198620540867078	-5.5854035235884	2.331581956754e-08	4.55378105627756e-07	TRUE
NGO_2083	3167.96840227263	-1.05498720888739	0.20665517645841	-5.10506064724542	3.30688442422436e-07	5.03027996069513e-06	TRUE
NGO_2090	377.370549084465	1.28010185266407	0.266529501269566	4.80285239182352	1.56421197884761e-06	1.87468435646736e-05	TRUE
NGO_2113	2143.73040579452	-1.00218104281932	0.222162571849365	-4.51102557229506	6.45149417324926e-06	6.33929427458406e-05	TRUE
NGO_2167	333.916684873199	1.00303988365	0.198897269213686	5.04300480150071	4.58277747216287e-07	6.71292033422376e-06	TRUE
NGO_0022	18.467567690585	-1.15620941053639	0.373525071445738	-3.09539974401519	0.00196547806363424	0.00780390869191231	TRUE
NGO_0057	5597.43457974285	1.68218608494416	0.313668892499864	5.36293564700518	8.188018351943e-08	1.4392716703082e-06	TRUE
NGO_0110	338.072141572948	1.21004544504136	0.269265071682612	4.4938819486683	6.99364084024718e-06	6.66502398148857e-05	TRUE
NGO_0156	6230.40443488837	1.37922573322403	0.158315681445709	8.71187061590618	2.98900733795603e-18	4.72860960864643e-16	TRUE
NGO_0172	11458.5861731375	1.11713869764892	0.184518425288368	6.0543476669229	1.40987819272413e-09	4.05532236525378e-08	TRUE
NGO_0186	24790.2961930908	-1.20328255502634	0.250799047157125	-4.79779556049304	1.60421390559036e-06	1.90817022454432e-05	TRUE
NGO_1258	3894.79407218799	-1.10690758933781	0.188701341338491	-5.86592327053073	4.46640319137732e-09	1.05460445503864e-07	TRUE
NGO_1249	8394.36358386192	-1.11283151455446	0.201538912901533	-5.5216707212178	3.35791329410214e-08	6.47831564788974e-07	TRUE
NGO_1247	1339.67584591214	-1.97847841033132	0.201829371029452	-9.80272791933051	1.09585393551231e-22	4.3341023149512e-20	TRUE
NGO_1246	8414.73436569693	1.08566690778621	0.244292829052348	4.44412106568045	8.82519021261737e-06	8.07020284182698e-05	TRUE
NGO_1244	69.7203509280241	-1.01900619742994	0.258239703702144	-3.94597028582897	7.94774703688199e-05	0.000553891445477855	TRUE
NGO_1235	1038.55763454628	1.12387641347833	0.269720014608459	4.16682616271475	3.08869850811197e-05	0.000241897081179858	TRUE
NGO_1215	9388.5130033835	-2.64102701363055	0.216897214809937	-12.1763989267673	4.15213331617186e-34	3.28433745309194e-31	TRUE
NGO_0187	325.686972258924	-1.05601199587243	0.169715965640916	-6.22223131385725	4.90133690483242e-10	1.68563369205324e-08	TRUE
NGO_0226	769.293119453932	-1.65237948738835	0.256369202677042	-6.44531195687305	1.15362880002067e-10	4.45131893081148e-09	TRUE
NGO_0233	6388.81147869541	-1.41072351841132	0.229759731453171	-6.13999463478153	8.25242680631301e-10	2.51064215530523e-08	TRUE
NGO_0262	507.602570741542	1.31367232117061	0.249493928685272	5.2653478507197	1.39924162709441e-07	2.30583359798267e-06	TRUE
NGO_0267	687.246158504606	1.04272865616326	0.233158591627568	4.47218628695803	7.74239341624314e-06	7.2049802261745e-05	TRUE
NGO_0284	1951.6870364106	-1.25975782947515	0.170606846796996	-7.38398166970481	1.5362460626095e-13	1.01264219627009e-11	TRUE
NGO_0322	18865.9759096123	1.04014642200518	0.273083376366001	3.80889688653593	0.000139588149988184	0.000862611145630107	TRUE
NGO_0323	169.686496927513	-1.28843253946064	0.269496108851625	-4.78089477785374	1.74516692475906e-06	2.06033886191704e-05	TRUE
NGO_0328	571.149780027832	-1.575759564879	0.230609615299142	-6.83301762086093	8.31467381382854e-12	4.11056686671148e-10	TRUE
NGO_0340	45589.4536866391	1.03669390072344	0.278344647573365	3.7244973444305	0.000195704772249734	0.00111368686942115	TRUE
