ID	baseMean	log2FoldChange	lfcSE	stat	pvalue	padj	Significant
NGO_0374	10194.9986450008	-1.05981220096824	0.293354998045956	-3.61272931440635	0.00030299095157304	0.00328309373553801	TRUE
NGO_0418	63.2607468162293	-1.12227814616198	0.363395951462811	-3.08830668488288	0.00201300613149102	0.0140289678414925	TRUE
NGO_0704	2631.48754540356	-1.79468150952061	0.325229881948226	-5.51819377349313	3.42501658223014e-08	1.86840559761658e-06	TRUE
NGO_0775	17204.0900520018	-1.1152533341403	0.19276930050183	-5.78543020718026	7.23269858419675e-09	5.20096780009058e-07	TRUE
NGO_1427	397.456503959765	1.41001411167181	0.463204688914228	3.04404110195202	0.00233423246889718	0.0160554598512841	TRUE
NGO_0446	112.496903966704	-1.27769284230671	0.359797903197586	-3.55114032336386	0.000383565856423714	0.0038405138282425	TRUE
NGO_0445	85.7830329071859	-1.44532946480263	0.350711232292974	-4.1211382234694	3.77005136115635e-05	0.000663976656932981	TRUE
NGO_1084	321.121891976555	1.34643601999667	0.317691016900381	4.23819355401817	2.25325475131275e-05	0.000451221394503388	TRUE
NGO_1944	375.94965310482	1.5957032768713	0.266140063830954	5.99572741473773	2.02576579834307e-09	1.60238074648937e-07	TRUE
NGO_1945	487.347894337926	2.47253466509811	0.244050543806871	10.131240137923	4.01524273563224e-24	1.27042280155404e-21	TRUE
NGO_1946	1371.67178197307	2.65528431232018	0.21902031086727	12.1234615264944	7.93360764402347e-34	6.27548364642257e-31	TRUE
NGO_1948	2511.06579197637	3.57195094215407	0.310882288032425	11.4897216073677	1.48590001240341e-30	7.83564606540733e-28	TRUE
NGO_1182	4866.17123433079	1.52521966992746	0.378047241260735	4.0344684564846	5.47260408492523e-05	0.000898879481471334	TRUE
NGO_1646	26.7527120057201	-1.10155581848243	0.317836180020144	-3.46579743820421	0.000528661411015647	0.00494877131495121	TRUE
NGO_1684	1072.10027639593	-1.05351557054304	0.365162081375632	-2.88506289200196	0.00391335475516837	0.0233356314866178	TRUE
NGO_1049	332.574036922334	1.28335431279831	0.297747642319632	4.31020814405182	1.6310095694952e-05	0.000348683397154243	TRUE
NGO_1029	3456.09840411138	2.39088047760117	0.37071354784843	6.44940140838528	1.12292781910206e-10	1.04498341754086e-08	TRUE
NGO_1002	46.0459860318971	-1.53322477268616	0.477547317733241	-3.21062377643303	0.00132447214302656	0.0100382429855901	TRUE
NGO_1001	88.593960729288	-1.04010060167218	0.382851591077601	-2.71672007094092	0.00659323458972428	0.0346736637281961	TRUE
NGO_1567	3037.16195222472	1.20178999612278	0.250455938479124	4.79840886752603	1.59931046302176e-06	5.06021830500084e-05	TRUE
NGO_1568	1583.65693756193	1.1682648875512	0.226072143756829	5.16766403917426	2.37037897368676e-07	1.10292339305072e-05	TRUE
NGO_0930	369.452312664342	3.32624571997881	0.319343322011819	10.4158925228933	2.09820169098663e-25	8.29838768785211e-23	TRUE
NGO_0926	35039.0109243586	1.02379879262841	0.20278270735397	5.04874802189765	4.44714841577375e-07	1.80394584455233e-05	TRUE
NGO_0918	13907.1398969551	1.2128667643978	0.184568872496973	6.57135056409733	4.98609116754682e-11	4.92999764191192e-09	TRUE
NGO_0844	1236.88379151819	1.0477739857314	0.325955059505492	3.21447376003606	0.00130683858526111	0.0100360128246752	TRUE
NGO_0794	1846.77983104376	-1.00953176536592	0.317126547880303	-3.18337197599413	0.00145570471514322	0.0106616891636879	TRUE
NGO_1449	6779.83902628634	1.7038767247418	0.18118372091933	9.40413805443607	5.24583933795877e-21	1.38315297210846e-18	TRUE
NGO_1494	13866.193111082	1.72597782103131	0.219315872520435	7.8698262975494	3.55133989621755e-15	5.10747246892379e-13	TRUE
NGO_1495	6380.39737823211	2.29334884759977	0.286846232507087	7.99504608289779	1.29525411685879e-15	2.04909201287061e-13	TRUE
NGO_1496	4479.26351395373	1.91335495472819	0.310150243851253	6.16912284501	6.86698632170785e-10	5.71766966365359e-08	TRUE
NGO_1379	4086.21249704125	1.36808378575107	0.29153182447228	4.69274251011026	2.69566692054079e-06	7.91305981920516e-05	TRUE
NGO_1378	2965.29548163728	1.65654547179561	0.291370082665306	5.68536569246358	1.30533035932167e-08	7.94243318633418e-07	TRUE
NGO_1377	1706.91464435905	1.55610435374518	0.303227822813329	5.13179938208749	2.86985297177125e-07	1.26114094481726e-05	TRUE
NGO_1363	9574.40122211234	-1.02613228438924	0.213279781956731	-4.81120280119854	1.50024692868459e-06	4.84365436975311e-05	TRUE
NGO_1358	27093.5180417568	1.52674477549341	0.238611591848279	6.39845182569416	1.5696024755752e-10	1.37950617575554e-08	TRUE
NGO_1318	2024.37888727136	1.27458958062615	0.263589660416128	4.83550674413389	1.32806871451562e-06	4.37709313825773e-05	TRUE
NGO_1295	21900.0936783481	-1.30951765759564	0.24086627921436	-5.4366998231007	5.42764630471817e-08	2.76985046905295e-06	TRUE
NGO_1277a	7404.88922303379	-1.01480729666551	0.27242984230997	-3.72502251611212	0.000195297789407886	0.0023950473088626	TRUE
NGO_2013	2728.89053090992	-1.17271619541864	0.356609581516115	-3.28851566587996	0.00100717179132694	0.00838603038883797	TRUE
NGO_2014	6155.96631624172	-1.35054419740804	0.275174342189368	-4.90795830258997	9.20294138116483e-07	3.23534517000061e-05	TRUE
NGO_2050	127.627178492501	1.153555889094	0.260776052412048	4.42354993268816	9.70921786047787e-06	0.000225882097871706	TRUE
NGO_2059	3008.13328094026	4.09797319485221	0.279793267291816	14.6464324696496	1.41977127127788e-48	2.2460781511616e-45	TRUE
NGO_0606	2720.06832018433	-1.56681096760081	0.202048184599394	-7.754640165203	8.85943234917279e-15	1.16796849803261e-12	TRUE
NGO_0569	568.345487529251	-1.06332240034434	0.269965054313227	-3.93874089759269	8.19103271727332e-05	0.00121104801483424	TRUE
NGO_0568	494.397411800981	-1.36946393575808	0.239325842073605	-5.7221732675943	1.05169967787761e-08	6.65515556160954e-07	TRUE
NGO_0555	269.568349195296	1.30640295272427	0.246877750744126	5.29169983437786	1.21184675871444e-07	5.99106741339454e-06	TRUE
NGO_0554	1587.13865041562	2.68349936310604	0.316755496365866	8.47183204046593	2.41563279600113e-17	4.77691385409224e-15	TRUE
NGO_2089	214.606078586773	1.10690221660176	0.29902960222286	3.70164762409312	0.00021420396911621	0.00256232453258833	TRUE
NGO_2091	600.25277949938	1.11851831471245	0.291880044916647	3.83211642656786	0.000127045586457495	0.0017477053719631	TRUE
NGO_2092	1098.26134447952	1.23945896773501	0.315603765607962	3.92726292522963	8.59180414821955e-05	0.00123565765113485	TRUE
NGO_2093	2286.84131740407	2.75030767666602	0.762557416899843	3.60668930065269	0.000310128632042352	0.00333757480197959	TRUE
NGO_2096	4852.21078843853	2.2472475652498	0.246423718047492	9.11944508854745	7.55099605447503e-20	1.70652510831136e-17	TRUE
NGO_2111	1041.55052827124	1.72718428392499	0.299798679722789	5.76114706549755	8.3544204948634e-09	5.74638835777126e-07	TRUE
NGO_0021	23.4409261795629	1.20429671173417	0.340860384810774	3.53310846727679	0.000410703931089727	0.00406083511864967	TRUE
NGO_0022	18.467567690585	1.76486307307962	0.447892162011646	3.94037498926746	8.13543376081216e-05	0.00121104801483424	TRUE
NGO_0025	92.7505583712946	3.04324489707031	0.445545706954979	6.83037643403401	8.4692101528518e-12	9.57020747272254e-10	TRUE
NGO_0057	5597.43457974285	-1.00572554343027	0.313467535908996	-3.20838820043631	0.00133481194202629	0.0100382429855901	TRUE
NGO_0168	1138.79481777804	2.26672761424651	0.328848406115089	6.89292565235428	5.46564443253259e-12	6.65126884020505e-10	TRUE
NGO_0170	1141.58058940265	1.22738855254702	0.211076969305291	5.81488618387254	6.06751548869883e-09	4.57086166815311e-07	TRUE
NGO_1220	899.824759599306	-1.16821719190006	0.226946689674398	-5.14754012749033	2.63924557630437e-07	1.19293900048958e-05	TRUE
NGO_1205	524.560607972262	1.94492391686124	0.239904030302941	8.10709146655548	5.18458329518833e-16	9.11334530331993e-14	TRUE
NGO_0199	5554.70636101468	-1.00657391569575	0.17938537226073	-5.61123743263042	2.00884913879516e-08	1.17703679169405e-06	TRUE
NGO_0217	25508.7394835319	1.56192930276424	0.540831873284224	2.88801267070182	0.00387684255143589	0.0233147796866019	TRUE
