ID	baseMean	log2FoldChange	lfcSE	stat	pvalue	padj	Significant
NGO_0374	10194.9986450008	-1.05981220096824	0.293354998045956	-3.61272931440635	0.00030299095157304	0.00328309373553801	TRUE
NGO_0378	167.012857970803	-0.61776211123951	0.219420622191658	-2.81542411587873	0.00487128997137432	0.0273275912578517	FALSE
NGO_0383	1406.95658861067	-0.420536278232333	0.155762774243364	-2.69985097707163	0.00693705414744977	0.035981703807428	FALSE
NGO_0400	2631.4194778276	0.446270053290164	0.162796101248832	2.74128219205966	0.00611999212650536	0.0329313862045288	FALSE
NGO_0413	2432.36230808436	-0.277932126119554	0.107333725035103	-2.58942029663702	0.00961376753255126	0.0463688421844393	FALSE
NGO_0414	3360.1172048256	-0.606473533512011	0.174789441334688	-3.46973781071096	0.00052096664642608	0.00490576925384559	FALSE
NGO_0415	6872.7951724561	-0.452527011505804	0.140315225363709	-3.22507418801356	0.00125940028447972	0.00981463669973852	FALSE
NGO_0418	63.2607468162293	-1.12227814616198	0.363395951462811	-3.08830668488288	0.00201300613149102	0.0140289678414925	TRUE
NGO_0419	189.338950241946	-0.688329326947998	0.22911874781148	-3.00424707066904	0.00266239023310842	0.0176970644906618	FALSE
NGO_0704	2631.48754540356	-1.79468150952061	0.325229881948226	-5.51819377349313	3.42501658223014e-08	1.86840559761658e-06	TRUE
NGO_0710	371.274903356003	-0.516355086541373	0.143457465292793	-3.59936016914494	0.000319001110233913	0.00340986321885169	FALSE
NGO_0714	11438.8861011242	-0.661644686482828	0.166972360805574	-3.96260005722301	7.41379196780355e-05	0.00112775181664089	FALSE
NGO_0721	1044.00999038136	-0.599307145830816	0.155511156349223	-3.85378875638341	0.000116303950843714	0.001628255311812	FALSE
NGO_0738	379.454101858056	-0.779597552995827	0.217655066939001	-3.58180291393957	0.000341231183581933	0.00352828583285372	FALSE
NGO_0739	2279.9562779853	-0.6121036559487	0.161585593405315	-3.7881078569506	0.000151798952563191	0.00201803313407536	FALSE
NGO_0740	703.357725924724	-0.831946472162601	0.200087595448986	-4.15791129028143	3.21170687867451e-05	0.000597755327301538	FALSE
NGO_0748	429.571602601691	-0.43586776349308	0.136285536446547	-3.1981953100653	0.00138290584620363	0.0103196087202554	FALSE
NGO_0756	720.373235301728	0.55630680133147	0.19270111022035	2.88688944602003	0.00389070912595632	0.0233147796866019	FALSE
NGO_0757	4233.80266420839	-0.57335184345301	0.21132271911046	-2.71315760968093	0.00666454002196829	0.0349115970687213	FALSE
NGO_0758	3750.42206618815	0.484486882807294	0.171640360923113	2.82268622718827	0.00476231548744823	0.0269070825040825	FALSE
NGO_0760	801.049217751864	-0.490589335168792	0.171085246648518	-2.86751397200643	0.00413710536594426	0.0243858638888001	FALSE
NGO_0769	4309.63139260829	-0.50708273777869	0.125835856514898	-4.02971578866836	5.58443310917582e-05	0.000901487059052667	FALSE
NGO_0775	17204.0900520018	-1.1152533341403	0.19276930050183	-5.78543020718026	7.23269858419675e-09	5.20096780009058e-07	TRUE
NGO_0778	598.42037874004	0.467887332769521	0.116648664295015	4.01108178646769	6.04411663420638e-05	0.000965837627809545	FALSE
NGO_0781	5815.44710833629	-0.441568273832364	0.104974244978242	-4.20644391320831	2.5942042766066e-05	0.000506670514270572	FALSE
NGO_1427	397.456503959765	1.41001411167181	0.463204688914228	3.04404110195202	0.00233423246889718	0.0160554598512841	TRUE
NGO_1161	475.908706037476	0.63466171888189	0.224286028339312	2.82969796906716	0.004659196503312	0.0265138448497827	FALSE
NGO_1160	1718.48277963193	-0.461916030125429	0.123913181704916	-3.72773924266931	0.000193205124469525	0.00238789458524054	FALSE
NGO_1152	4400.37609158755	0.392184459364554	0.121707573071676	3.22235050347761	0.00127143495576853	0.00985985343149908	FALSE
NGO_1148	357.451794467418	-0.640678437067797	0.238680140859893	-2.68425531659076	0.00726915704860807	0.0372162021064659	FALSE
NGO_1615	274.865059714291	0.832227493588961	0.251863671470826	3.30427762260807	0.000952214856737282	0.00797039102306021	FALSE
NGO_1614	64.0385989259979	0.962899271713274	0.35446045919446	2.71652097359897	0.00659720150580722	0.0346736637281961	FALSE
NGO_1610	3021.76856963089	0.485272028436155	0.17535110246939	2.76743072385795	0.00565000521235679	0.0306106446779056	FALSE
NGO_1606	1162.03324261188	-0.443242034760946	0.147956182324557	-2.99576555570115	0.00273756818921395	0.017835189322155	FALSE
NGO_1603	273.569722384779	0.466332850399915	0.153864662804271	3.03079889755538	0.00243907640610023	0.0166319779071145	FALSE
NGO_1600	7963.99204297485	0.794055574146928	0.248726387600127	3.19248625692067	0.00141053656790405	0.0104694124667432	FALSE
NGO_0446	112.496903966704	-1.27769284230671	0.359797903197586	-3.55114032336386	0.000383565856423714	0.0038405138282425	TRUE
NGO_0445	85.7830329071859	-1.44532946480263	0.350711232292974	-4.1211382234694	3.77005136115635e-05	0.000663976656932981	TRUE
NGO_1877	6618.32291883578	-0.417981543524798	0.106904227548352	-3.90986917084964	9.23461230612653e-05	0.00130438898824037	FALSE
NGO_1875	1662.20575021099	-0.535961559825971	0.140466446695912	-3.81558423689783	0.00013586109703151	0.00185286427158491	FALSE
NGO_0462	1275.69457152769	-0.54274190374602	0.189552181247062	-2.86328492858973	0.00419273344649165	0.0244756616691874	FALSE
NGO_0463	82.3288255797348	0.813230385975722	0.271479846560015	2.99554606458032	0.00273953919423747	0.017835189322155	FALSE
NGO_0464	149.909534572468	0.768900702268487	0.237599194129646	3.23612504278502	0.00121164294383398	0.00958409568572677	FALSE
NGO_0465	131.777915178996	0.778170585335398	0.280515123441297	2.77407711851317	0.00553585535529182	0.0300952686325487	FALSE
NGO_1098	86.9631556301519	0.833958560043076	0.298666060026097	2.7922776359999	0.00523384270474732	0.028827550266141	FALSE
NGO_1097	318.009830398071	0.672275582938636	0.185332027588678	3.62741179538957	0.000286276524305392	0.00325646458857261	FALSE
NGO_1090	357.812245492583	0.991264191621175	0.232598483588317	4.26169670725645	2.02880663651587e-05	0.000416827545320534	FALSE
NGO_1089	52.6231559068805	0.914747227108089	0.295452836597816	3.09608544511382	0.00196093846080304	0.0138491278794215	FALSE
NGO_1084	321.121891976555	1.34643601999667	0.317691016900381	4.23819355401817	2.25325475131275e-05	0.000451221394503388	TRUE
NGO_1078	2777.57407969396	-0.653426484053674	0.113974672408746	-5.73308499374578	9.86201819117775e-09	6.50071365768467e-07	FALSE
NGO_0645	3409.96256413648	0.524097851523766	0.141553671195765	3.70246738990579	0.000213512811362994	0.00256232453258833	FALSE
NGO_0646	1549.58766658409	0.73970554732688	0.186121812397748	3.97430874864955	7.05839527620109e-05	0.0010841146919369	FALSE
NGO_0654	1701.36274335519	0.738749816434242	0.196279712408306	3.76376043845772	0.00016737723575051	0.00213474624888496	FALSE
NGO_0674	7159.78443700739	0.857868477688603	0.163574729685826	5.24450493872917	1.56702508720157e-07	7.51222329682692e-06	FALSE
NGO_0677	1551.51801894901	0.530846537960255	0.188632407738094	2.81418524168608	0.00489010403654128	0.0273361999498527	FALSE
NGO_0680	2758.73935865938	0.497073781399028	0.139437443035562	3.56485152465293	0.000364062221251664	0.00371578344529118	FALSE
NGO_1905	862.855900650363	0.450001957360823	0.146943814769684	3.06240829575674	0.00219563740133884	0.0151681151481137	FALSE
NGO_1919	7633.60219089054	0.580947942915569	0.192595210934797	3.0164194638892	0.0025577915413254	0.0171458738066813	FALSE
NGO_1928	397.889384294261	0.478481061578728	0.16691089594041	2.86668559822214	0.00414794861573982	0.0243858638888001	FALSE
NGO_1934	5396.40603059188	-0.482774550955303	0.170594265051546	-2.82995768239588	0.00465541612402035	0.0265138448497827	FALSE
NGO_1936	9748.50659093081	-0.458304077744559	0.154657502820069	-2.96334849191091	0.00304311828194787	0.0194121496856513	FALSE
NGO_1944	375.94965310482	1.5957032768713	0.266140063830954	5.99572741473773	2.02576579834307e-09	1.60238074648937e-07	TRUE
NGO_1945	487.347894337926	2.47253466509811	0.244050543806871	10.131240137923	4.01524273563224e-24	1.27042280155404e-21	TRUE
NGO_1946	1371.67178197307	2.65528431232018	0.21902031086727	12.1234615264944	7.93360764402347e-34	6.27548364642257e-31	TRUE
NGO_1948	2511.06579197637	3.57195094215407	0.310882288032425	11.4897216073677	1.48590001240341e-30	7.83564606540733e-28	TRUE
NGO_1954	1475.04680451775	0.696768489918896	0.184901335369316	3.76832589406233	0.00016434605229293	0.00213474624888496	FALSE
NGO_1961	2510.27930176791	0.539121651835961	0.157436088939359	3.42438417689363	0.00061619444322087	0.00560241154698515	FALSE
NGO_1962	367.198047877387	0.78634907317379	0.189041794366802	4.15965726419216	3.1872550412143e-05	0.000597755327301538	FALSE
NGO_1963	1712.23993281168	0.449886995954096	0.175335185729291	2.56586830579858	0.0102917894761483	0.0481704466013806	FALSE
NGO_1900	7904.1694665424	0.932738529264749	0.185086144276066	5.03948327905907	4.66790407423217e-07	1.84615606135882e-05	FALSE
NGO_1182	4866.17123433079	1.52521966992746	0.378047241260735	4.0344684564846	5.47260408492523e-05	0.000898879481471334	TRUE
NGO_1188	3676.95118589053	-0.772669780019869	0.193078577325833	-4.00184106761848	6.28515129933425e-05	0.000994310935554678	FALSE
NGO_1194	616.001519220347	0.753275927685549	0.200155440207606	3.76345467754579	0.000167582110028988	0.00213474624888496	FALSE
NGO_1198	1536.22167012838	-0.443540923405811	0.124606288791726	-3.55953882991547	0.0003715066030188	0.00374346143933594	FALSE
NGO_1646	26.7527120057201	-1.10155581848243	0.317836180020144	-3.46579743820421	0.000528661411015647	0.00494877131495121	TRUE
NGO_1647	98.2324821639904	-0.805351342166129	0.228166074301126	-3.52967172982628	0.00041607557592901	0.00408839478956331	FALSE
NGO_1652	1860.23990559788	-0.809392193826271	0.227327596340864	-3.56046607123156	0.000370197143864564	0.00374346143933594	FALSE
NGO_1654	2353.13972389437	-0.666763188714716	0.184516060755231	-3.61357805919783	0.00030200037908365	0.00328309373553801	FALSE
NGO_1665	6505.80093413825	0.540525082871412	0.20359068885133	2.65495974261438	0.007931787378872	0.0399620625266736	FALSE
NGO_1667	8402.99659695312	0.451217678887927	0.12590437709471	3.58381248769852	0.000338615218601409	0.00352828583285372	FALSE
NGO_1684	1072.10027639593	-1.05351557054304	0.365162081375632	-2.88506289200196	0.00391335475516837	0.0233356314866178	TRUE
NGO_1685	761.763847128118	-0.977933938579325	0.337397411820673	-2.89846307149238	0.00374996466395896	0.0228170926860887	FALSE
NGO_1686	2251.51699816758	0.614263912176773	0.138170330822571	4.44570052427224	8.76059196444829e-06	0.0002170295254479	FALSE
NGO_1688	1952.7884294343	0.891459239020532	0.279649332979606	3.18777530960728	0.00143371898763169	0.0105495043648062	FALSE
NGO_1063	1302.45540498545	0.957236178359831	0.275682740045337	3.47223833527775	0.000516137893506087	0.00490152581161843	FALSE
NGO_1055	803.834490592476	0.850401779331039	0.248782991693638	3.41824725855158	0.000630258224976873	0.00569753435379093	FALSE
NGO_1049	332.574036922334	1.28335431279831	0.297747642319632	4.31020814405182	1.6310095694952e-05	0.000348683397154243	TRUE
NGO_1048	96.7092033356674	0.999549029885565	0.265708182677246	3.76183006414864	0.000168674640398622	0.00213474624888496	FALSE
NGO_1047	3015.05178405123	0.605140823432388	0.14441650277981	4.19024704091498	2.78650907836559e-05	0.000531115344816189	FALSE
NGO_1046	8121.56641252213	-0.796511251694932	0.279083588109342	-2.85402397572325	0.00431692732259656	0.0251080111189256	FALSE
NGO_1033	1367.3840216226	-0.491509657195974	0.150916125398073	-3.25683988970373	0.00112659960770471	0.00909326826218801	FALSE
NGO_1030	3134.56458691273	-0.370711866042707	0.132142992274599	-2.80538422553919	0.00502566320874564	0.0278968392850372	FALSE
NGO_1029	3456.09840411138	2.39088047760117	0.37071354784843	6.44940140838528	1.12292781910206e-10	1.04498341754086e-08	TRUE
NGO_1028	6171.96165433901	0.602039287454888	0.13553668623069	4.44189174309741	8.91714232244848e-06	0.0002170295254479	FALSE
NGO_1024	12337.9994645851	-0.947493600126867	0.170554228830285	-5.55538028359121	2.77008015230908e-08	1.56509528605463e-06	FALSE
NGO_1005	934.147007398488	-0.777571517773914	0.157307404216474	-4.94300647605805	7.69269274588924e-07	2.76587270999927e-05	FALSE
NGO_1002	46.0459860318971	-1.53322477268616	0.477547317733241	-3.21062377643303	0.00132447214302656	0.0100382429855901	TRUE
NGO_1001	88.593960729288	-1.04010060167218	0.382851591077601	-2.71672007094092	0.00659323458972428	0.0346736637281961	TRUE
NGO_0999	5821.51654303021	-0.506731499084147	0.189501421284456	-2.67402479437611	0.00749469101505731	0.0381241195685552	FALSE
NGO_0998	3192.76589159606	-0.463670014278612	0.0998105702322492	-4.64550010284179	3.39253604823423e-06	9.58391433626169e-05	FALSE
NGO_0987	7967.29123389983	-0.715113781021887	0.213633276704393	-3.34738947065535	0.000815765113977929	0.00705884868825702	FALSE
NGO_0977	10320.7223240259	0.68536175894412	0.245432027882664	2.79247074987205	0.00523071964919191	0.028827550266141	FALSE
NGO_0970	1180.16789019053	0.505563580786232	0.156011335329281	3.240556718005	0.00119296537031906	0.00948377495399377	FALSE
NGO_0959	4319.77797428652	0.848184186861821	0.194954391674767	4.35068007227457	1.35715947909711e-05	0.000298198096657171	FALSE
NGO_0956	4076.05978848914	0.834728191642229	0.197694269016522	4.2223186124453	2.41801973398041e-05	0.000478163402394625	FALSE
NGO_1504	3271.5542014174	-0.498434212690253	0.175145965279253	-2.84582183720618	0.0044296971165239	0.0256695268803693	FALSE
NGO_1506	3107.1189982119	-0.670746531685589	0.164319264249184	-4.08197136684124	4.46552994587305e-05	0.000767876997214258	FALSE
NGO_1508	5023.2439477174	-0.527909927886307	0.17534993784937	-3.01060801253203	0.00260725197924551	0.0174036819880439	FALSE
NGO_1509	5277.48598351469	-0.572200153666333	0.20997675786236	-2.7250642380211	0.00642889775600515	0.0342149150101202	FALSE
NGO_1510	10960.6877791105	-0.434163396056915	0.160739198371874	-2.70104243678302	0.00691225182505627	0.035981703807428	FALSE
NGO_1515	1040.92885248688	-0.75214438825047	0.184462774497918	-4.07748604181903	4.55252619787126e-05	0.000774418972584123	FALSE
NGO_1525	117.967504959999	-0.626227888037496	0.197103446198622	-3.17715341925805	0.00148728335829104	0.0108427754507669	FALSE
NGO_1526	111.795267685563	-0.624593671772311	0.201241418517078	-3.10370338459579	0.00191114827082366	0.0136190836236172	FALSE
NGO_1531	2592.9578567296	-0.427004810920098	0.146449313215122	-2.91571740109742	0.00354871773928635	0.0221026435572874	FALSE
NGO_1533	3322.34660430562	-0.402501752693637	0.139552467146975	-2.88423243904193	0.00392369024996228	0.0233356314866178	FALSE
NGO_1534	2454.44478978731	-0.402915421199698	0.121885259380216	-3.30569441496466	0.00094741352234962	0.00797039102306021	FALSE
NGO_1537	2365.47788548686	-0.395932023965191	0.122690017363474	-3.22709241121246	0.00125055064859871	0.00979391646575821	FALSE
NGO_1544	2606.67999538641	0.530231538768024	0.178592715143406	2.96894270487046	0.00298826308653739	0.019217204076838	FALSE
NGO_1552a	9082.24369340627	0.877679879670716	0.217634997112302	4.03280672371743	5.51146079031096e-05	0.000898879481471334	FALSE
NGO_1561	3191.43335433235	-0.411322828258296	0.151047816480683	-2.72312991900084	0.00646666219217822	0.0342149150101202	FALSE
NGO_1565	1747.92889241078	0.565721135879113	0.212424312566121	2.66316566613825	0.00774092932082773	0.0392504813639406	FALSE
NGO_1566	2262.53361038715	0.768318176964013	0.155002390354163	4.95681502206833	7.16581398299273e-07	2.63635295839407e-05	FALSE
NGO_1567	3037.16195222472	1.20178999612278	0.250455938479124	4.79840886752603	1.59931046302176e-06	5.06021830500084e-05	TRUE
NGO_1568	1583.65693756193	1.1682648875512	0.226072143756829	5.16766403917426	2.37037897368676e-07	1.10292339305072e-05	TRUE
NGO_1577	82808.8204957422	0.541451300377978	0.130377350255057	4.15295524351996	3.28208949759117e-05	0.000603751812231306	FALSE
NGO_1578	714.393415612507	0.698688082663778	0.174802057138073	3.99702437204098	6.41436991901311e-05	0.00100470625860186	FALSE
NGO_1588	1011.96491850617	0.765363758318859	0.280931802489514	2.72437563685025	0.0064423187695921	0.0342149150101202	FALSE
NGO_0949	666.945155640974	0.708062421704076	0.251450313864842	2.81591385121384	0.00486387072179738	0.0273275912578517	FALSE
NGO_0936	7184.59681383409	0.580404327951024	0.206817892132834	2.80635452748085	0.00501055308839719	0.0278968392850372	FALSE
NGO_0930	369.452312664342	3.32624571997881	0.319343322011819	10.4158925228933	2.09820169098663e-25	8.29838768785211e-23	TRUE
NGO_0926	35039.0109243586	1.02379879262841	0.20278270735397	5.04874802189765	4.44714841577375e-07	1.80394584455233e-05	TRUE
NGO_0925	6946.86743290221	0.826499371826915	0.174980677294704	4.72337508692413	2.3196245624534e-06	7.05701164961784e-05	FALSE
NGO_0921	9239.57481674707	0.71970905901247	0.158209820885003	4.54907953871967	5.38810761714464e-06	0.00014206643750538	FALSE
NGO_0920	2792.86655649418	0.539946107856615	0.165787192823043	3.2568625999533	0.00112650947885981	0.00909326826218801	FALSE
NGO_0919	1160.24972047191	0.946984675980915	0.34389134579362	2.75373221095604	0.00589199558722001	0.0318127543309968	FALSE
NGO_0918	13907.1398969551	1.2128667643978	0.184568872496973	6.57135056409733	4.98609116754682e-11	4.92999764191192e-09	TRUE
NGO_0917	23856.3881726884	0.771924991935971	0.171556021158692	4.49955056501297	6.80972809236062e-06	0.000176606390854336	FALSE
NGO_0916	9529.8468870235	0.921273972361773	0.242065125660589	3.80589302092833	0.000141293449613658	0.00191048066058809	FALSE
NGO_0915	13216.3954494598	0.487212700968808	0.171601618711634	2.83920807173468	0.00452256560140668	0.0260170864779104	FALSE
NGO_0914	810.427220987907	0.760124020518494	0.272435447350012	2.79010689655932	0.0052690641800883	0.0288431125705871	FALSE
NGO_0913	8447.20773889573	0.767028772109125	0.294083984595151	2.60819633944042	0.00910207299374204	0.0447188803605587	FALSE
NGO_0912	8899.09194668063	0.753306410180693	0.172979612108429	4.35488553245512	1.33136470288298e-05	0.000296650557740969	FALSE
NGO_0903	687.822009724663	-0.365571325529445	0.119267322524866	-3.06514238594757	0.00217566391731124	0.0150960540227473	FALSE
NGO_0887	232.935251138923	-0.861458329303766	0.194547187478592	-4.42801738986105	9.51032355886721e-06	0.000224557192091462	FALSE
NGO_0886	238.432175321864	-0.766322876600502	0.203231739431819	-3.77068502559164	0.00016280004628092	0.00213474624888496	FALSE
NGO_0872	3138.61620356898	-0.470709917920997	0.1819202091156	-2.58745259918808	0.00966884976890616	0.0464927669738892	FALSE
NGO_0850	995.476898970809	0.652320009056838	0.211139589907638	3.0895201100949	0.0020048013378317	0.0140289678414925	FALSE
NGO_0844	1236.88379151819	1.0477739857314	0.325955059505492	3.21447376003606	0.00130683858526111	0.0100360128246752	TRUE
NGO_0829	9273.10078737102	-0.619576116392596	0.165045718357933	-3.75396661335331	0.000174058057457071	0.00218539561029434	FALSE
NGO_0826	2136.106543469	-0.711056360002078	0.180986772791079	-3.92877528582093	8.53795749904985e-05	0.00123565765113485	FALSE
NGO_0813	2936.890363685	-0.364957983890028	0.136350316097302	-2.6766200059968	0.00743689275083353	0.0379521430058666	FALSE
NGO_0795	1407.93261027142	-0.816846684769133	0.3029241628883	-2.69653855598946	0.00700642859891325	0.0362227779198718	FALSE
NGO_0794	1846.77983104376	-1.00953176536592	0.317126547880303	-3.18337197599413	0.00145570471514322	0.0106616891636879	TRUE
NGO_1439	3219.42705498087	-0.575169270104919	0.214194685309432	-2.68526396569556	0.00724725437001077	0.0372162021064659	FALSE
NGO_1448	524.83651353167	-0.329781076555394	0.126871921333275	-2.59932279017911	0.00934078929211664	0.0456084217905201	FALSE
NGO_1449	6779.83902628634	1.7038767247418	0.18118372091933	9.40413805443607	5.24583933795877e-21	1.38315297210846e-18	TRUE
NGO_1454	4481.8207362033	-0.525893305618417	0.12297654798237	-4.27637069218928	1.89964811839182e-05	0.000395426753065245	FALSE
NGO_1470	2632.57295264037	0.574454758649395	0.216806594186163	2.64961848049758	0.00805827118821948	0.0403423576574785	FALSE
NGO_1471	227.088420045032	0.834278832951454	0.267949840246774	3.1135634646511	0.00184842751513468	0.0132918742224685	FALSE
NGO_1472	1349.31716577458	0.950593844408799	0.174447886031919	5.44915657066125	5.06092461201463e-08	2.66879424540238e-06	FALSE
NGO_1473	13357.0345949887	0.772357878780392	0.299676820536293	2.57730270028293	0.00995747089377368	0.0468830921248511	FALSE
NGO_1475	376.96663113736	-0.77039064606705	0.186755450129484	-4.12513072862352	3.70524234852801e-05	0.000663976656932981	FALSE
NGO_1485	3115.21004812987	0.447369848656462	0.13289961204586	3.36622388711028	0.000762048302913939	0.00673497438664722	FALSE
NGO_1486	3188.71336836121	0.408134743998282	0.118252316449141	3.4513889981497	0.000557709112878806	0.00515962465832908	FALSE
NGO_1487	7088.36009202809	0.359421868183071	0.118854444489379	3.0240507178946	0.00249414622003811	0.0168127670982606	FALSE
NGO_1494	13866.193111082	1.72597782103131	0.219315872520435	7.8698262975494	3.55133989621755e-15	5.10747246892379e-13	TRUE
NGO_1495	6380.39737823211	2.29334884759977	0.286846232507087	7.99504608289779	1.29525411685879e-15	2.04909201287061e-13	TRUE
NGO_1496	4479.26351395373	1.91335495472819	0.310150243851253	6.16912284501	6.86698632170785e-10	5.71766966365359e-08	TRUE
NGO_1379	4086.21249704125	1.36808378575107	0.29153182447228	4.69274251011026	2.69566692054079e-06	7.91305981920516e-05	TRUE
NGO_1378	2965.29548163728	1.65654547179561	0.291370082665306	5.68536569246358	1.30533035932167e-08	7.94243318633418e-07	TRUE
NGO_1377	1706.91464435905	1.55610435374518	0.303227822813329	5.13179938208749	2.86985297177125e-07	1.26114094481726e-05	TRUE
NGO_1374	13453.7103729023	0.586834862247652	0.199370256576332	2.94344237864274	0.0032458423957323	0.0205208085238502	FALSE
NGO_1363	9574.40122211234	-1.02613228438924	0.213279781956731	-4.81120280119854	1.50024692868459e-06	4.84365436975311e-05	TRUE
NGO_1358	27093.5180417568	1.52674477549341	0.238611591848279	6.39845182569416	1.5696024755752e-10	1.37950617575554e-08	TRUE
NGO_1354	1009.70284914091	-0.398081873429038	0.151625760570914	-2.62542375339221	0.00865411889160591	0.0431886942792446	FALSE
NGO_1346	2062.10830424451	-0.648277655752658	0.187584464395389	-3.45592401717353	0.000548409889094261	0.00510343790910071	FALSE
NGO_1345	6527.8148040787	-0.488501851959212	0.167962172088742	-2.90840399290094	0.00363278702151997	0.0225375257570376	FALSE
NGO_1338	445.110377534367	-0.498255684432951	0.173873612604811	-2.86561990038944	0.00416193631477624	0.0243858638888001	FALSE
NGO_1337	1441.38693011393	-0.509907287749736	0.183113226642212	-2.78465568599286	0.00535845900403403	0.0292313177392477	FALSE
NGO_1325	5120.39495436131	0.379257271833117	0.142711154355788	2.65751667096466	0.00787186970336057	0.0397868941556435	FALSE
NGO_1323	778.833623952999	-0.576887992378382	0.137405866719979	-4.1984232998874	2.68779858305104e-05	0.000518548458339847	FALSE
NGO_1322	782.791927229157	-0.57813973569037	0.121564822255592	-4.75581442857559	1.97647967012912e-06	6.13096242773385e-05	FALSE
NGO_1320	1935.8943989243	-0.339589720246055	0.117553744572846	-2.88880393797763	0.00386710106829347	0.0233147796866019	FALSE
NGO_1318	2024.37888727136	1.27458958062615	0.263589660416128	4.83550674413389	1.32806871451562e-06	4.37709313825773e-05	TRUE
NGO_1297	3854.60344979807	0.69353759371159	0.238938158081096	2.9025819872446	0.00370100270461614	0.0226061246281959	FALSE
NGO_1295	21900.0936783481	-1.30951765759564	0.24086627921436	-5.4366998231007	5.42764630471817e-08	2.76985046905295e-06	TRUE
NGO_1294	372.170198477606	0.975408796172259	0.290435131111538	3.35843942996574	0.000783838973575199	0.00688907364553314	FALSE
NGO_1277a	7404.88922303379	-1.01480729666551	0.27242984230997	-3.72502251611212	0.000195297789407886	0.0023950473088626	TRUE
NGO_1974	21891.6570200354	0.634511102424447	0.175442745630239	3.61662775023901	0.000298466046832693	0.00327898115339806	FALSE
NGO_1975	25759.1780988307	0.35244943697632	0.10768421341204	3.27299077375175	0.00106415951140076	0.00872279972557518	FALSE
NGO_1980	7989.69747346419	0.483874079139202	0.139381776583798	3.47157347968149	0.000517417705777673	0.00490152581161843	FALSE
NGO_1993	5752.20448135745	-0.428538780804959	0.129143288075822	-3.31832019449092	0.000905606067588595	0.00770252042432881	FALSE
NGO_1994	1278.10732366898	-0.520782022153001	0.173825750028469	-2.99600043185608	0.00273546046333372	0.017835189322155	FALSE
NGO_2000	3675.65318934626	-0.677533817484197	0.196465694763279	-3.4486113125274	0.000563477168057997	0.00518267953411483	FALSE
NGO_2001	8147.0617108185	-0.654726909513761	0.195909072811926	-3.34199381435644	0.000831789143369817	0.00715157839571223	FALSE
NGO_2002	3230.60329355536	-0.683814863709282	0.220243874901879	-3.10480763205755	0.00190402813139776	0.0136190836236172	FALSE
NGO_2010	3833.13664109754	-0.312530102154881	0.121401332992444	-2.57435478220271	0.0100427234670073	0.0471441795988297	FALSE
NGO_2013	2728.89053090992	-1.17271619541864	0.356609581516115	-3.28851566587996	0.00100717179132694	0.00838603038883797	TRUE
NGO_2014	6155.96631624172	-1.35054419740804	0.275174342189368	-4.90795830258997	9.20294138116483e-07	3.23534517000061e-05	TRUE
NGO_2015	929.027510774097	-0.539165145200694	0.146267745355745	-3.68615202134526	0.000227670383608074	0.00268786975274607	FALSE
NGO_2017	1724.53955076195	0.545815600261751	0.211416606162644	2.58170637665923	0.00983131903686247	0.0468468274587844	FALSE
NGO_2025	13510.3909970415	0.608623429179961	0.152974733659776	3.9785879316095	6.93257722730847e-05	0.00107522913466686	FALSE
NGO_2027	356.824234278737	-0.470642333065556	0.168604187444401	-2.79140358373813	0.00524799903707244	0.028827550266141	FALSE
NGO_2028	1301.19571457796	-0.462914507702497	0.142465364449704	-3.24931262760308	0.00115684262586656	0.00924305572788334	FALSE
NGO_2033	292.701914590217	-0.783236094068264	0.216043161885581	-3.62536859409174	0.000288549593438034	0.00325646458857261	FALSE
NGO_2040	3372.47596488805	-0.607939198362711	0.167760221923221	-3.62385785732297	0.000290241154860138	0.00325646458857261	FALSE
NGO_2044	3395.81033412935	0.597091143445745	0.139357272921996	4.28460697404693	1.8306251199233e-05	0.000386139858629154	FALSE
NGO_2045	3418.97221158696	0.394570381003082	0.105366496373487	3.74474234774277	0.000180578995822736	0.00224941709757141	FALSE
NGO_2050	127.627178492501	1.153555889094	0.260776052412048	4.42354993268816	9.70921786047787e-06	0.000225882097871706	TRUE
NGO_2051	76.1191755569133	0.901230435395821	0.234944568789176	3.83592793840885	0.000125091085120743	0.00173591312860539	FALSE
NGO_2053	1747.63424920051	0.471269604153419	0.129041879040059	3.65206712471321	0.000260137862272687	0.00298568417707618	FALSE
NGO_2056	4744.73634777845	0.660344341742505	0.130515312642293	5.05951622360459	4.20321516482982e-07	1.74986483967389e-05	FALSE
NGO_2057	2247.90982810272	0.399783099232783	0.137671776054031	2.90388568152039	0.00368562708537373	0.0226061246281959	FALSE
NGO_2059	3008.13328094026	4.09797319485221	0.279793267291816	14.6464324696496	1.41977127127788e-48	2.2460781511616e-45	TRUE
NGO_2065	1048.09382122724	0.662251275140622	0.152871440704897	4.3320797664165	1.47707405218738e-05	0.000320100157611018	FALSE
NGO_1744	1439.2012744669	-0.584622229112795	0.223176739453787	-2.61954821341877	0.00880463257206181	0.0436643533824507	FALSE
NGO_1743	639.846513916098	-0.775901391256179	0.214401038556569	-3.61892552610682	0.000295828750371075	0.00327898115339806	FALSE
NGO_1740	2572.02709911369	-0.737310342800808	0.211381932346247	-3.48804807779448	0.000486560579825662	0.00466508386232847	FALSE
NGO_1738	2853.74522653985	-0.595857694191152	0.210046864874062	-2.83678451734288	0.00455703560167735	0.0261203997168608	FALSE
NGO_1737	2099.06852519787	-0.580265169149141	0.197202003647901	-2.94249124458791	0.003255829923822	0.0205208085238502	FALSE
NGO_1732	3301.27059123008	-0.31434779799667	0.121560257303097	-2.58594219007679	0.00971132169564525	0.0465554876439721	FALSE
NGO_1728	459.223517739486	-0.769855611018626	0.2345945125018	-3.2816437298921	0.00103203911779844	0.00854244526943104	FALSE
NGO_1727	718.40722198332	-0.50498687000388	0.140974885373589	-3.58210520026772	0.0003408364775707	0.00352828583285372	FALSE
NGO_1719	1143.554882582	-0.625953872840734	0.141226788351777	-4.43226019755944	9.3250388603071e-06	0.000223518355712209	FALSE
NGO_1718	2688.00967734654	-0.62617810412581	0.136229191607045	-4.59650458715213	4.29637519520549e-06	0.000119243255417809	FALSE
NGO_1717	3764.9848813908	0.747944043060381	0.154195501058335	4.85062169730505	1.23075091003189e-06	4.14265519078818e-05	FALSE
NGO_0641	661.981950431991	-0.594832628834847	0.226671928347333	-2.62420068145085	0.00868525942775801	0.0432078000462679	FALSE
NGO_0640	1359.7584599773	-0.839657429243435	0.183382873566381	-4.57871235690663	4.67847036428687e-06	0.000127609312350031	FALSE
NGO_0630	713.434538177282	-0.795215122209028	0.235432756194832	-3.37767409710375	0.000731016622173921	0.00649701290044462	FALSE
NGO_0629	13244.9663380643	-0.357692848392103	0.0909715300344293	-3.93192076968179	8.42698415953425e-05	0.00123439712410955	FALSE
NGO_0626	2148.28389219093	-0.310490069449895	0.119338338426856	-2.601762966896	0.00927459301753287	0.0454254060487214	FALSE
NGO_0623	4560.35088596102	-0.420272205199461	0.138339351124177	-3.03798016821847	0.00238169628140558	0.0163110108968988	FALSE
NGO_0616	2306.51312507323	0.580405594519727	0.198987191862792	2.91679876019325	0.00353643859339389	0.0221026435572874	FALSE
NGO_0606	2720.06832018433	-1.56681096760081	0.202048184599394	-7.754640165203	8.85943234917279e-15	1.16796849803261e-12	TRUE
NGO_0605	600.03393321317	-0.557290075164726	0.121811881024958	-4.57500590644803	4.7620655170234e-06	0.000127687926236119	FALSE
NGO_0600	378.805325351493	-0.645014333341112	0.201094513829145	-3.20751830101706	0.00133885541716784	0.0100382429855901	FALSE
NGO_0596	3834.09797738423	-0.362878305516428	0.120926581252314	-3.00081505454355	0.00269258049291082	0.0178228549781795	FALSE
NGO_0590	6478.64311395666	-0.545205020404208	0.111780384322674	-4.87746596782471	1.07457380639028e-06	3.695599481977e-05	FALSE
NGO_0588	2456.4213899085	-0.440141527076699	0.141925850483205	-3.10120760649438	0.0019273311146638	0.0136728153515611	FALSE
NGO_0574	4771.71937449856	0.901449097825379	0.181843968309833	4.95726697016122	7.14917099750106e-07	2.63635295839407e-05	FALSE
NGO_0570	1548.89618786716	-0.973082972993491	0.218953879841024	-4.44423717771076	8.82042588981629e-06	0.0002170295254479	FALSE
NGO_0569	568.345487529251	-1.06332240034434	0.269965054313227	-3.93874089759269	8.19103271727332e-05	0.00121104801483424	TRUE
NGO_0568	494.397411800981	-1.36946393575808	0.239325842073605	-5.7221732675943	1.05169967787761e-08	6.65515556160954e-07	TRUE
NGO_0566	6971.95899052576	0.476767759931767	0.118105311557851	4.03680201714073	5.41847579446858e-05	0.000898879481471334	FALSE
NGO_0556	1604.08159916818	0.673823245455365	0.133905420431488	5.03208341592208	4.85178058928516e-07	1.87207729079247e-05	FALSE
NGO_0555	269.568349195296	1.30640295272427	0.246877750744126	5.29169983437786	1.21184675871444e-07	5.99106741339454e-06	TRUE
NGO_0554	1587.13865041562	2.68349936310604	0.316755496365866	8.47183204046593	2.41563279600113e-17	4.77691385409224e-15	TRUE
NGO_0523	4153.7797124331	-0.77282811047498	0.261482319726079	-2.9555654519379	0.0031209646876618	0.0198287796621725	FALSE
NGO_0511	75.3369363255768	0.936150709412439	0.260845779804876	3.58890494648876	0.000332069880233522	0.00352573523845256	FALSE
NGO_0509	3330.25575781928	0.604620309632521	0.182960579830525	3.30464797494946	0.000950957607315298	0.00797039102306021	FALSE
NGO_1811	981.470247056805	-0.504390984630281	0.163092586180315	-3.09266654262645	0.00198366893037821	0.0139473966571481	FALSE
NGO_1808	1545.10423673271	0.544103025198485	0.191341187758491	2.84362730038682	0.00446031877100375	0.0257526434150654	FALSE
NGO_1807	2456.7147572132	0.633055260507232	0.154732756861751	4.09128146713529	4.28996080277774e-05	0.000745793185713668	FALSE
NGO_1804	1150.1902079752	0.814077632686672	0.232942151218209	3.49476309216395	0.000474482714802706	0.00460510217679681	FALSE
NGO_1803	2045.21751659081	0.418406001618868	0.14533860455967	2.87883596300176	0.0039914588707605	0.02364976754136	FALSE
NGO_1789	281.629115196331	-0.425333693554409	0.160369995373084	-2.65220244326201	0.0079968578749299	0.0401619973274257	FALSE
NGO_1781	1354.01933921219	0.630120206041455	0.193094986868672	3.26326548534382	0.00110136293860063	0.00898121736528966	FALSE
NGO_1779	3312.09262655805	0.705344739462766	0.207040493831361	3.40679606394913	0.000657302196084391	0.0059082504216222	FALSE
NGO_1767	12747.8390810408	0.674013447387273	0.186348747102336	3.61694649343217	0.000298098895109767	0.00327898115339806	FALSE
NGO_2071	1469.50222322039	0.675972249761091	0.196441305343884	3.44109019525072	0.0005793753678462	0.00529810307475542	FALSE
NGO_2083	3167.96840227263	0.540987449594438	0.207109524833792	2.61208387218592	0.00899921733834204	0.0444210221355351	FALSE
NGO_2088	159.707342606791	0.985208306989298	0.379711784343982	2.59462136180845	0.00946951754377357	0.0459533029271466	FALSE
NGO_2089	214.606078586773	1.10690221660176	0.29902960222286	3.70164762409312	0.00021420396911621	0.00256232453258833	TRUE
NGO_2090	377.370549084465	0.957404991396982	0.267724288523056	3.57608566887473	0.00034877739732289	0.00358289508158969	FALSE
NGO_2091	600.25277949938	1.11851831471245	0.291880044916647	3.83211642656786	0.000127045586457495	0.0017477053719631	TRUE
NGO_2092	1098.26134447952	1.23945896773501	0.315603765607962	3.92726292522963	8.59180414821955e-05	0.00123565765113485	TRUE
NGO_2093	2286.84131740407	2.75030767666602	0.762557416899843	3.60668930065269	0.000310128632042352	0.00333757480197959	TRUE
NGO_2096	4852.21078843853	2.2472475652498	0.246423718047492	9.11944508854745	7.55099605447503e-20	1.70652510831136e-17	TRUE
NGO_2102	1031.02663362287	0.49022895810702	0.129175069658871	3.79507407583856	0.0001475993808863	0.00197883237764514	FALSE
NGO_2104	509.506904436086	0.64449024946277	0.19812934100692	3.2528763593892	0.00114243194673827	0.00917425045553267	FALSE
NGO_2105	12677.7292015545	-0.427765276177869	0.164734799595906	-2.5966904213753	0.0094126716274868	0.0458179892759511	FALSE
NGO_2111	1041.55052827124	1.72718428392499	0.299798679722789	5.76114706549755	8.3544204948634e-09	5.74638835777126e-07	TRUE
NGO_2117	2837.92745409092	-0.380997894747213	0.118748795902168	-3.20843585699261	0.00133459075021095	0.0100382429855901	FALSE
NGO_2125	94.7800422563467	0.989563373151053	0.291342526883751	3.39656343251907	0.000682377394968231	0.00609898891999854	FALSE
NGO_2133	1000.14261537044	0.942466494235506	0.138587023635315	6.80053925333992	1.04228266388075e-11	1.09926078283956e-09	FALSE
NGO_2137	1062.41673173808	-0.31352397130932	0.104593981250823	-2.99753358233367	0.00272173869893499	0.017835189322155	FALSE
NGO_2139	10630.8446234746	0.678979110566978	0.166734107577801	4.07222685526508	4.6565792540776e-05	0.000783692380845827	FALSE
NGO_2144	8061.75491898498	-0.403758117996512	0.133431060865575	-3.02596798209734	0.00247838545436696	0.0168127670982606	FALSE
NGO_2153	2356.49749563835	-0.314625708138847	0.121393199238295	-2.59179023300339	0.00954779684278066	0.0461914819733303	FALSE
NGO_2162	554.641548475254	-0.661017997734848	0.256004091740755	-2.5820602836467	0.00982124277806182	0.0468468274587844	FALSE
NGO_0021	23.4409261795629	1.20429671173417	0.340860384810774	3.53310846727679	0.000410703931089727	0.00406083511864967	TRUE
NGO_0022	18.467567690585	1.76486307307962	0.447892162011646	3.94037498926746	8.13543376081216e-05	0.00121104801483424	TRUE
NGO_0025	92.7505583712946	3.04324489707031	0.445545706954979	6.83037643403401	8.4692101528518e-12	9.57020747272254e-10	TRUE
NGO_0034	6123.57122673029	0.474084382457411	0.163737501040854	2.89539280521401	0.00378684340949058	0.0229532041142303	FALSE
NGO_0057	5597.43457974285	-1.00572554343027	0.313467535908996	-3.20838820043631	0.00133481194202629	0.0100382429855901	TRUE
NGO_0068	3786.63836173748	-0.448512100318794	0.105490397087995	-4.25168652976693	2.12166693008206e-05	0.000430317574793566	FALSE
NGO_0072a	120.032102505022	-0.934990057673532	0.25245000200183	-3.70366429098604	0.000212507444855344	0.00256232453258833	FALSE
NGO_0081	1122.29921824405	-0.467740243915085	0.1327040481958	-3.52468707830941	0.000423983315649529	0.0041403802799849	FALSE
NGO_0083	475.852883145678	-0.52308376718775	0.175632892681988	-2.97827906379061	0.00289871928549772	0.0187941553674483	FALSE
NGO_0093	647.135857905487	-0.507002934191108	0.159659197071165	-3.17553228058087	0.00149561880209822	0.0108535272702724	FALSE
NGO_0117	2184.56536669253	-0.280644464866054	0.108765391442283	-2.58027356997083	0.00987220738064153	0.0468830921248511	FALSE
NGO_0121	259.632175014416	0.546031761125258	0.203292756301474	2.68593810748239	0.00723264851091523	0.0372162021064659	FALSE
NGO_0129	1770.6651234183	-0.444721025160165	0.157227333954715	-2.82852233116319	0.00467634384411232	0.0265160428723501	FALSE
NGO_0132	805.64631100056	-0.470317448342804	0.180091533615857	-2.6115466890632	0.00901336795544044	0.0444210221355351	FALSE
NGO_0139	826.372220486515	-0.471183121372562	0.120133802124984	-3.92215274167677	8.77613261638269e-05	0.00125079655847905	FALSE
NGO_0142	13216.0982663525	0.858365223791062	0.194295852488468	4.41782576826755	9.96987361034391e-06	0.000228584638428465	FALSE
NGO_0146	4847.09152231238	-0.463716826181175	0.144474843681618	-3.20967176267087	0.00132886624920598	0.0100382429855901	FALSE
NGO_0154	674.186326562112	-0.626043153909018	0.15190195408312	-4.12136339975225	3.76636769565789e-05	0.000663976656932981	FALSE
NGO_0168	1138.79481777804	2.26672761424651	0.328848406115089	6.89292565235428	5.46564443253259e-12	6.65126884020505e-10	TRUE
NGO_0170	1141.58058940265	1.22738855254702	0.211076969305291	5.81488618387254	6.06751548869883e-09	4.57086166815311e-07	TRUE
NGO_0176	1872.85510625718	-0.649288553590998	0.203454193393862	-3.19132549081481	0.00141621635137993	0.0104694124667432	FALSE
NGO_0185	988.480693268333	0.620585147991856	0.205243874739623	3.0236475937669	0.00249747172445717	0.0168127670982606	FALSE
NGO_0186	24790.2961930908	0.919445422104761	0.25085775451196	3.66520629945655	0.000247139284785124	0.0028961062854079	FALSE
NGO_1258	3894.79407218799	0.660754972204198	0.189191587078762	3.49251772981385	0.000478489829802431	0.0046156762850454	FALSE
NGO_1252	1294.92447431291	-0.410860447823253	0.116015129026543	-3.54143852849788	0.000397951574091826	0.00395949302020924	FALSE
NGO_1248	248.214088247307	-0.620077045883312	0.2084909495716	-2.97411972633548	0.00293830403644069	0.0189730489210171	FALSE
NGO_1233	12784.22181559	0.731778286955024	0.163246442230761	4.48265994012048	7.37183530581079e-06	0.000188100700867624	FALSE
NGO_1228	2295.63075935958	-0.340394517690946	0.124992141455154	-2.72332735264861	0.00646279849662177	0.0342149150101202	FALSE
NGO_1224	828.427576352022	-0.42489982928744	0.164835129414507	-2.577726184926	0.00994527699665874	0.0468830921248511	FALSE
NGO_1223	705.367482372205	-0.503114527352599	0.173310866956717	-2.90296007507854	0.00369653758771584	0.0226061246281959	FALSE
NGO_1222	1156.37329121708	-0.596787141689681	0.217825989316864	-2.73974259711294	0.00614873183785546	0.0329738771779232	FALSE
NGO_1221	2891.88844719038	-0.666377129819356	0.142013973620189	-4.69233493600817	2.70104443891959e-06	7.91305981920516e-05	FALSE
NGO_1220	899.824759599306	-1.16821719190006	0.226946689674398	-5.14754012749033	2.63924557630437e-07	1.19293900048958e-05	TRUE
NGO_1219	1509.81871482816	-0.416106101587355	0.140322080051888	-2.96536440618246	0.00302324584901185	0.0193634612677601	FALSE
NGO_1214	2312.0845596028	-0.460651289781862	0.105438150696143	-4.36892421519599	1.24860083041371e-05	0.000282183787673499	FALSE
NGO_1205	524.560607972262	1.94492391686124	0.239904030302941	8.10709146655548	5.18458329518833e-16	9.11334530331993e-14	TRUE
NGO_1203	1566.35583940832	0.429391363972184	0.130897741917819	3.28035730548941	0.00103675694799669	0.00854244526943104	FALSE
NGO_0199	5554.70636101468	-1.00657391569575	0.17938537226073	-5.61123743263042	2.00884913879516e-08	1.17703679169405e-06	TRUE
NGO_0210	446.767886611782	0.714408549962076	0.173371021047437	4.1206918298451	3.77736404070596e-05	0.000663976656932981	FALSE
NGO_0211	1121.71206284227	0.621509304638019	0.185359271358682	3.35299820765565	0.000799412242496659	0.00698712799795423	FALSE
NGO_0212	1633.97595280553	0.645914295058406	0.127054643560201	5.08375197442005	3.70051099370397e-07	1.58221848433505e-05	FALSE
NGO_0213	1017.35214548827	0.431071657237492	0.114421322568772	3.76740669972941	0.000164952157594884	0.00213474624888496	FALSE
NGO_0214	9613.64079700753	0.544761102954139	0.172908213955134	3.15057966590003	0.00162946810895465	0.0117708609514441	FALSE
NGO_0217	25508.7394835319	1.56192930276424	0.540831873284224	2.88801267070182	0.00387684255143589	0.0233147796866019	TRUE
NGO_0224	1055.00871832535	-0.430567105937826	0.133716559060128	-3.21999839783653	0.00128191313169914	0.00989261743584409	FALSE
NGO_0242	1914.83668616953	-0.462797338794889	0.129100027012292	-3.58479660698153	0.000337340995457952	0.00352828583285372	FALSE
NGO_0248	4943.16154869247	-0.525298339900695	0.180795386264484	-2.90548531549495	0.00366684054578968	0.0226061246281959	FALSE
NGO_0250	1004.39816577965	0.785356095956644	0.198589206348242	3.95467664329883	7.66382320492052e-05	0.00115468269620803	FALSE
NGO_0255	695.268579491987	-0.664229744868495	0.181845122271598	-3.65272236379496	0.000259474732542506	0.00298568417707618	FALSE
NGO_0278	2329.38948768676	-0.575511446103664	0.123344517874159	-4.66588589442478	3.07290201217855e-06	8.83878360593904e-05	FALSE
NGO_0281	1290.86302033414	-0.519320083307483	0.160642207655815	-3.23277481606924	0.00122594156625112	0.0096489530239267	FALSE
NGO_0295	22074.5737869921	-0.517305664361108	0.141659120802662	-3.65176390641122	0.000260445269555318	0.00298568417707618	FALSE
NGO_0313	2221.83156776298	0.542307360371938	0.184654963370211	2.93686858167293	0.0033154457081426	0.0208136313900063	FALSE
NGO_0318	6976.15342457696	0.843135582126909	0.227861225123358	3.70021525896061	0.000215416664244151	0.00256232453258833	FALSE
NGO_0323	169.686496927513	-0.902717659932555	0.271818771245304	-3.32102766779817	0.000896866459711698	0.00766942021223733	FALSE
NGO_0357	740.992592366428	-0.480719778241182	0.186375110207986	-2.57931318030997	0.0098996989952356	0.0468830921248511	FALSE
NGO_0358	546.174846354903	-0.387286965286262	0.143394678813478	-2.70084614360083	0.00691633252283166	0.035981703807428	FALSE
NGO_0359	796.72968380505	-0.54954614359269	0.164184497931161	-3.34712564534017	0.00081654191526614	0.00705884868825702	FALSE
