ID	baseMean	log2FoldChange	lfcSE	stat	pvalue	padj	Significant
NGO_0372	26156.0100655623	1.09257436924019	0.299051385268096	3.65346700621604	0.000258723047090759	0.00114971870926287	TRUE
NGO_0373	5092.34787816913	2.05759854132494	0.359832274137892	5.7182156499293	1.07648471214342e-08	1.43109144084948e-07	TRUE
NGO_0374	10194.9986450008	1.92952079569343	0.329619318029978	5.85378553425059	4.80508180379006e-09	7.30926866691911e-08	TRUE
NGO_0375	4040.19341754432	-1.15806191666224	0.317617534057903	-3.64608937632241	0.000266261401274769	0.00117660764473934	TRUE
NGO_0377	1430.13863228553	-0.705665340331786	0.161946027619749	-4.35741061823818	1.31610217148762e-05	8.78512082402286e-05	FALSE
NGO_0378	167.012857970803	0.807039077913746	0.239390999431513	3.37121729651591	0.000748368036474341	0.00298969250934951	FALSE
NGO_0380	96.6821012538906	0.839845979570101	0.340349844321426	2.46759619133821	0.0136023669377375	0.0333110595905584	FALSE
NGO_0383	1406.95658861067	0.43596896482389	0.175108566166316	2.48970666808962	0.0127848563944849	0.0316025669001173	FALSE
NGO_0385	5123.86150556634	-0.696654299097699	0.21559691919612	-3.23128132672424	0.00123236579960608	0.00444100841680369	FALSE
NGO_0386	1918.28551948956	-0.619275850257982	0.133700162988772	-4.63182569425879	3.62455252946411e-06	2.82645537573329e-05	FALSE
NGO_0392	778.069590205781	0.533766957315475	0.224821791901371	2.37417802251856	0.0175880682921068	0.0413437207104204	FALSE
NGO_0394	2309.06646932997	0.485004059210917	0.162232889065762	2.98955447322594	0.00279384625849469	0.00896524296336429	FALSE
NGO_0395	2240.45769177808	1.25843271408043	0.169016688642473	7.44561217112966	9.64958999517082e-14	4.9244036685033e-12	TRUE
NGO_0400	2631.4194778276	-0.820253536856066	0.182896494204013	-4.48479638948742	7.29835929368007e-06	5.17758044959725e-05	FALSE
NGO_0404	966.890080364727	0.662558337405257	0.184828667835443	3.58471629517531	0.000337444813644108	0.00144280458158102	FALSE
NGO_0405	902.268224267439	0.403917235392809	0.14312965406256	2.82203739007335	0.00477196133374178	0.013775990565656	FALSE
NGO_0411	1276.75391916593	-0.331915718336841	0.140184197214818	-2.36771137497199	0.0178984926994149	0.0419487636303325	FALSE
NGO_0414	3360.1172048256	0.652997693015609	0.196518095067177	3.32283748624976	0.000891068107301299	0.00344662529523388	FALSE
NGO_0415	6872.7951724561	0.728620916649052	0.157736943404635	4.61921539065173	3.85193839423534e-06	2.97256904374649e-05	FALSE
NGO_0417	551.402552849138	-0.739073597979178	0.196742659890281	-3.75654979144505	0.000172272008408029	0.000835994838348165	FALSE
NGO_0418	63.2607468162293	1.08061219068767	0.404301790451535	2.67278606280919	0.00752242071260999	0.0202045323724092	TRUE
NGO_0420	1266.3743666229	0.60333078845908	0.247500819056618	2.43769208828784	0.014781358622835	0.0356465081422636	FALSE
NGO_0424	5784.30971347819	0.735887922004677	0.120922536435938	6.08561434199269	1.16045470517753e-09	2.06274083549534e-08	FALSE
NGO_0425	1895.91690333232	0.446797992545571	0.141218176599212	3.1638844467849	0.00155678591874989	0.00542474740850732	FALSE
NGO_0711	280.404988094838	-1.25739004635681	0.153869770942455	-8.1717808420411	3.03870166196081e-16	2.403613014611e-14	TRUE
NGO_0713	3272.73624860437	-0.936120464366073	0.254816451082399	-3.67370497622763	0.000239058737713452	0.00107746701727259	FALSE
NGO_0714	11438.8861011242	-0.574885869448825	0.187530457775596	-3.06555999632204	0.00217262783301351	0.00725125998275816	FALSE
NGO_0715	12903.2760341678	-0.822877044033498	0.178863340423795	-4.60059083143473	4.21294260654776e-06	3.21974647514906e-05	FALSE
NGO_0716	3903.86125210515	-0.693235540038221	0.225519703931905	-3.07394665721777	0.00211247200532013	0.00706539262667325	FALSE
NGO_0717	5472.32613480231	-0.622089852837447	0.209065683082287	-2.97557133081757	0.00292443330261784	0.0092160427982897	FALSE
NGO_0718	3496.89488408097	-0.367192338641914	0.157118807887968	-2.33703618031354	0.0194373029057183	0.045087702634672	FALSE
NGO_0719	4087.79245723257	-0.552993176476547	0.21222309543297	-2.60571628808047	0.00916823683244008	0.0236995925962749	FALSE
NGO_0730	659.08747204313	0.646287931539544	0.25966784741342	2.4889024112045	0.012813813307552	0.0316247311272188	FALSE
NGO_0738	379.454101858056	-0.713798733790249	0.243072973147327	-2.93656149652481	0.00331873011518627	0.0101551857683263	FALSE
NGO_0739	2279.9562779853	1.02414154879962	0.181652702281412	5.63790979125124	1.7212663088642e-08	2.23200270542883e-07	TRUE
NGO_0740	703.357725924724	0.516858213673756	0.224864345959599	2.29853341786171	0.0215314481597913	0.0487306881098567	FALSE
NGO_0746	666.762435972579	-0.654261527032428	0.152407043288195	-4.29285624152717	1.76389219665899e-05	0.000113434042890834	FALSE
NGO_0753	1191.40584126867	0.534693744445312	0.159126216224283	3.36018637992171	0.000778899073898864	0.00308308604945541	FALSE
NGO_0754	253.312995894222	-1.72028894820079	0.219668416944073	-7.83129851861579	4.82856667303424e-15	3.05551699069606e-13	TRUE
NGO_0755	962.634578789001	-0.52818670196115	0.22120839842951	-2.38773349344357	0.0169526301580054	0.0402296558574244	FALSE
NGO_0757	4233.80266420839	0.853557456862989	0.23764546752057	3.59172622044267	0.000328494850779598	0.00141601867556764	FALSE
NGO_0761	553.501724891794	0.78968846726869	0.273235311563894	2.89014059986909	0.00385069559761503	0.0115813696491007	FALSE
NGO_0763	2396.7636508396	0.851730168115816	0.292164466602686	2.91524215117536	0.00355412659941073	0.0108127466928226	FALSE
NGO_0764	10053.8097781647	0.368843758699547	0.102793731643021	3.5881931009223	0.000332977643038242	0.00142756268641327	FALSE
NGO_0765	898.075621275207	-0.744156860403256	0.219012369079597	-3.39778462527293	0.000679338794800411	0.00274161727901594	FALSE
NGO_0766	5973.83296507938	-0.2996851574476	0.126043327513042	-2.37763603485153	0.0174240147107714	0.0410190346316076	FALSE
NGO_0767	545.302796796577	0.491588802498835	0.136513707812662	3.60102154117332	0.000316969310458184	0.00138520842305206	FALSE
NGO_0773	1710.14479292628	1.18368384026956	0.159421936189231	7.42484923068899	1.12908453522422e-13	5.58191167101475e-12	TRUE
NGO_0777	27208.8944607883	-1.1581746251059	0.317542406657055	-3.64730694491689	0.000265003283388084	0.00117432827540602	TRUE
NGO_0778	598.42037874004	0.499274459839362	0.132210655394807	3.77635568289432	0.000159139696283393	0.000779105760935747	FALSE
NGO_0781	5815.44710833629	0.406844368046232	0.117807548378187	3.4534660439599	0.000553431972734576	0.00225651902285077	FALSE
NGO_1426	1495.49154873806	-0.969967549305846	0.291650384861768	-3.32578868279422	0.00088168745288023	0.00341869987856991	FALSE
NGO_1422	3448.04198860202	-1.7707291888019	0.235597587867047	-7.51590542514878	5.65184008446491e-14	3.08317621159431e-12	TRUE
NGO_1421	134.739022969943	-0.455745824900395	0.187295583209458	-2.43329723579612	0.0149620128286017	0.0359724989283403	FALSE
NGO_1410	402.256004928692	1.30568202050183	0.272589731497238	4.78991638214023	1.66850828112067e-06	1.41085283094122e-05	TRUE
NGO_1408	850.357795179967	0.866406731884711	0.176977749617881	4.89556870146331	9.80218388301679e-07	8.71182859715313e-06	FALSE
NGO_1405	1231.66564996543	0.944802495263004	0.284621255798056	3.31950785830753	0.00090176266695686	0.00347948424177013	FALSE
NGO_1404	3890.41386764034	-1.08348464029826	0.251138100174079	-4.31429814730313	1.6011074744826e-05	0.000104236708832571	TRUE
NGO_1396	981.924262568519	-0.951929539075052	0.18721580652268	-5.08466436010964	3.6827673678764e-07	3.55252315608565e-06	FALSE
NGO_1167	127.232292265807	-0.635147073277222	0.17184481416936	-3.69605027854526	0.000218979624294995	0.00101294083518913	FALSE
NGO_1164	435.228248736591	0.726931028350185	0.280392530117666	2.59254776881941	0.00952679501360331	0.0245862801166728	FALSE
NGO_1154	1587.78141189949	0.447374853190325	0.189106210320296	2.36573326932305	0.0179944033509811	0.0421111628716746	FALSE
NGO_1152	4400.37609158755	-0.778729459471418	0.135853186130424	-5.73213983162534	9.91714600203508e-09	1.34093375856577e-07	FALSE
NGO_1149	2688.74020697723	-0.532474661880702	0.195186956710938	-2.72802379243645	0.00637150122519556	0.0175911255467005	FALSE
NGO_1148	357.451794467418	0.733561885550376	0.266297386483895	2.75467174213045	0.00587510467690594	0.0164794602816759	FALSE
NGO_1116	1037.76197949169	-0.49613128453689	0.208108696747512	-2.38400072794085	0.0171255684947899	0.040436790087698	FALSE
NGO_1117	2122.1097502496	-0.898469397846623	0.283913388340346	-3.1645897472421	0.00155301757898594	0.00542474740850732	FALSE
NGO_1614	64.0385989259979	-1.46710831126222	0.414448127042273	-3.53990817073369	0.000400266280154312	0.00168409908298969	TRUE
NGO_1613	1264.34062170685	-0.433126871676928	0.148934923969755	-2.90816190140121	0.00363560063492898	0.0110393861889782	FALSE
NGO_1610	3021.76856963089	-0.764640848605712	0.196742573222773	-3.88650425823141	0.000101698143502437	0.000524060140133079	FALSE
NGO_1609	1214.68514590613	-0.801209331289956	0.188789239534898	-4.24393537080725	2.196336318862e-05	0.000136795435292901	FALSE
NGO_1607	1133.36934808309	0.65188034549636	0.192809963725533	3.38094739971176	0.000722363696793442	0.00290045524956149	FALSE
NGO_1602	654.932263295974	-0.798518425368658	0.205508731507698	-3.88556933571822	0.000102090349457917	0.0005243731585793	FALSE
NGO_1600	7963.99204297485	-0.800953619458656	0.279210525623771	-2.86863690997781	0.00412244739355454	0.0122735023661009	FALSE
NGO_1599	1043.31025332748	-0.477218111968859	0.195867147133436	-2.43643775361547	0.0148327220726359	0.0357159304701825	FALSE
NGO_1387	1630.45673580984	0.895070742973445	0.23875324572184	3.74893643965892	0.00017758608147737	0.000853924561997564	FALSE
NGO_1390	1343.46343934158	0.732085242005238	0.229730337868575	3.18671555876113	0.00143898214683649	0.00508140570601634	FALSE
NGO_1830	7000.50684147781	1.52100292859782	0.363595408913015	4.18322919187821	2.87397390830379e-05	0.000172875540796068	TRUE
NGO_18311	8760.47969810618	1.22555252547568	0.2821154510209	4.34415244199047	1.39814405573213e-05	9.21609956736759e-05	TRUE
NGO_1832	24250.9948789425	1.34131248546977	0.224326464928249	5.97928775768295	2.24115354482996e-09	3.77920906496366e-08	TRUE
NGO_1833	4692.15977365215	1.3898402451496	0.360910641151382	3.85092620354921	0.000117671955743937	0.000592856796136651	TRUE
NGO_1834	2289.3479151301	1.27255375176714	0.498800179326685	2.55122953942181	0.0107343602501332	0.0272580383879787	TRUE
NGO_1835	28569.2307697808	0.982034477174159	0.236340512297212	4.15516776040154	3.25048957487185e-05	0.000192594550840722	FALSE
NGO_0696	1090.54297691308	-0.912413800192936	0.137601418684688	-6.63084588018471	3.33768589925462e-11	9.77818350485335e-10	FALSE
NGO_0694	2114.31329472347	1.16718043518464	0.317566066922781	3.67539405735201	0.000237482575356399	0.00107342124061092	TRUE
NGO_0451	6224.82672561425	0.413537383151934	0.153103511473265	2.70103134260345	0.00691248240194821	0.0189524214209395	FALSE
NGO_0446	112.496903966704	1.46250851164795	0.406745922185372	3.5956316508108	0.000323605422703773	0.00140057985266723	TRUE
NGO_0441	12349.7912526383	0.462172966288297	0.174883339854308	2.64275011372338	0.00822357026211109	0.0217190119443401	FALSE
NGO_0437	3028.97548169529	0.322971565504654	0.139919829962597	2.30826156371823	0.0209845928658693	0.0476293054717436	FALSE
NGO_0436	4056.99124288875	0.813882620539162	0.221107872222706	3.6809300924365	0.000232384717839774	0.00106560180760151	FALSE
NGO_0435	1708.75554675274	0.608198456271144	0.156567557746392	3.8845752276235	0.000102508950013697	0.000524819284536145	FALSE
NGO_1880	3937.71383474227	-0.674433879551798	0.265991223525048	-2.53554937119303	0.0112271101453431	0.0281925210316393	FALSE
NGO_1879	115.577417751259	0.79084955974856	0.195161992050766	4.052272429884	5.07225526846253e-05	0.000276700270162335	FALSE
NGO_1877	6618.32291883578	0.38118846623282	0.120223498372075	3.17066523096087	0.00152090308430679	0.00533496381235776	FALSE
NGO_1873	25965.1399796487	-0.608314542641285	0.181998926358322	-3.34240731422573	0.000830550875390642	0.0032603758929727	FALSE
NGO_1871	12817.8025625669	-0.506075360860863	0.144301310955128	-3.50707389635727	0.000453063313333996	0.00187629885260309	FALSE
NGO_1869	7790.27827182641	0.624685708795396	0.19430380765504	3.21499468453258	0.00130446937706731	0.00464790665432543	FALSE
NGO_1868	857.033311029172	1.37991484399478	0.274610656774715	5.0249865034438	5.03467942162803e-07	4.74098978869973e-06	TRUE
NGO_1867	9264.90172625865	1.19005412602931	0.257938552567681	4.61371173166156	3.95540925936176e-06	3.03760070306326e-05	TRUE
NGO_1861	270.76893405141	2.4528953170546	0.423842617403609	5.78727861789982	7.15358721360638e-09	1.02881590653866e-07	TRUE
NGO_1859	734.015770640388	0.653775055743083	0.26702843382845	2.44833498204575	0.0143518154630288	0.0348229632860607	FALSE
NGO_1857	1679.58243682055	1.97729310836566	0.275549156513728	7.17582711332723	7.18713317482173e-13	3.24858419501942e-11	TRUE
NGO_1856	5584.51028940657	0.448630890786093	0.194211031458141	2.31001754852833	0.020887182602063	0.0474763259719306	FALSE
NGO_1855	20395.0432697068	0.531239497654362	0.178013542938062	2.98426450530903	0.00284260922761518	0.00906654798001455	FALSE
NGO_1853	35416.4148782691	1.16422289143994	0.282366152876303	4.12309648157424	3.73813029127419e-05	0.000216619857904607	TRUE
NGO_1851	64032.4511128416	1.22235734797278	0.231308298845927	5.28453736451099	1.26022826545819e-07	1.37495249376197e-06	TRUE
NGO_1850	58181.4711062447	0.93772114258581	0.242797077501941	3.86215992479693	0.000112388952412112	0.000571702002302127	FALSE
NGO_1845	14164.9574320434	0.601689537600451	0.212600624707047	2.83014002630308	0.00465276359136642	0.0135306470616575	FALSE
NGO_1843	86350.4025186141	0.718788713977878	0.256380216786215	2.80360443948468	0.00505348622956021	0.0144568087073495	FALSE
NGO_1841	7403.12533855084	0.912359229895757	0.291393892067177	3.13101700047105	0.00174202075895715	0.00597804086913279	FALSE
NGO_0460	3959.96923154729	-0.338290809965323	0.133145708161584	-2.54075639865746	0.0110612957289315	0.0279090428120728	FALSE
NGO_0462	1275.69457152769	1.16732794087438	0.213863982840022	5.45827270853544	4.80788818291192e-08	5.63413267064197e-07	TRUE
NGO_0463	82.3288255797348	-0.825725051668744	0.302204811063864	-2.73233589088774	0.00628869919272021	0.017423331213456	FALSE
NGO_0464	149.909534572468	-0.705290439671372	0.268852886911273	-2.62333221626938	0.00870743211301827	0.0227688555418098	FALSE
NGO_0476	972.904202739437	-0.839989302324716	0.29103659355604	-2.88619823391031	0.00389926474153754	0.0116830242824098	FALSE
NGO_1092	299.13787752972	-0.674137220203191	0.232686682413927	-2.89718867109019	0.00376523241504804	0.011367552825584	FALSE
NGO_1090	357.812245492583	-1.19998420150521	0.261179583258188	-4.59447934840671	4.33831087551226e-06	3.29961913704827e-05	TRUE
NGO_1089	52.6231559068805	-0.726842953679025	0.313581791482092	-2.31787359286304	0.0204561919994799	0.046833134215886	FALSE
NGO_1079	1497.50552847143	-0.711483035936247	0.184168840138576	-3.86321071143684	0.000111906399789669	0.000571083627313729	FALSE
NGO_1078	2777.57407969396	-0.415647538105138	0.128295840167481	-3.23975849538489	0.00119630976519291	0.00434424853380436	FALSE
NGO_0643	494.372221841854	0.368489698545521	0.15452337500649	2.38468580258518	0.017093713629146	0.0404219057717623	FALSE
NGO_0644	498.861837900771	-0.887669179143094	0.198777970399583	-4.46563156550347	7.98328941359297e-06	5.61313948991293e-05	FALSE
NGO_0646	1549.58766658409	-0.954660177115562	0.209351193332616	-4.56008949325071	5.11318251873498e-06	3.77993212366297e-05	FALSE
NGO_0647	1076.14932296608	1.49714310635763	0.314038719535665	4.76738380723017	1.86633564485993e-06	1.56219205829017e-05	TRUE
NGO_0649	53.0697303026244	1.49026855632915	0.302099553365656	4.93303793311258	8.09604243492718e-07	7.31882236117417e-06	TRUE
NGO_0650	46806.2764112582	2.30967067962707	0.370678109636867	6.23093357708585	4.63663682466945e-10	9.6515256008251e-09	TRUE
NGO_0651	377.144858035639	-0.818449816215518	0.262376890708216	-3.11936700677538	0.00181240058159727	0.00617934853467	FALSE
NGO_0653	98.4990949064936	-1.31254487889031	0.319498157003558	-4.10814538399887	3.98849018004321e-05	0.000226944428804002	TRUE
NGO_0654	1701.36274335519	-1.00621658105373	0.22133798272622	-4.5460637558008	5.4658485706675e-06	3.95416974503402e-05	TRUE
NGO_0658	318.961675161364	-1.42210840604396	0.341068824184666	-4.1695643377654	3.05182456827589e-05	0.000182878275265623	TRUE
NGO_0659	903.439300193901	0.593363015325364	0.236298625451784	2.51107264881842	0.0120364923358917	0.0300342758286763	FALSE
NGO_0664	2089.2578123985	0.700956723192985	0.185440929508727	3.77994612651032	0.000156862295712805	0.000770671278936827	FALSE
NGO_0665	4479.79183803156	0.519266091782214	0.194256103368726	2.67310052439676	0.00751537261542286	0.0202045323724092	FALSE
NGO_0666	471.782641843593	-0.915550991955667	0.200931026601304	-4.55654364306982	5.20022380453085e-06	3.82639723663619e-05	FALSE
NGO_0669	820.465465864711	0.569454484567696	0.15826475928417	3.59811297943606	0.000320534383780444	0.00139309174489193	FALSE
NGO_0670	1202.71099730964	0.597843049493839	0.197718976071494	3.02370091820454	0.00249703160083694	0.00813095004985858	FALSE
NGO_0671	2437.56487676793	-0.682965790464072	0.174885273167441	-3.90522185255804	9.4138981331971e-05	0.00048828809333501	FALSE
NGO_0675	1275.79351550961	0.825727344051783	0.2614009990743	3.15885305326274	0.00158391331677603	0.00548304347295336	FALSE
NGO_0676	3078.76632715838	1.09173168399255	0.222277668472847	4.91156710205422	9.03513562476701e-07	8.12135486271671e-06	TRUE
NGO_0678	587.98950260502	-1.48340167874855	0.419392257811197	-3.5370268552176	0.000404658517343745	0.00169806306216924	TRUE
NGO_0681	522.577603071268	0.50005061353283	0.177569371537053	2.81608595674106	0.00486126583623222	0.0139321060741293	FALSE
NGO_0683	1058.31643278945	0.688419388217156	0.184731483031985	3.72659482248601	0.000194084077079867	0.000919284460899251	FALSE
NGO_0684	1194.34085184211	0.544095798640734	0.180073075873615	3.02152776588661	0.00251502573079862	0.0081699603821836	FALSE
NGO_0685	1433.40440744381	0.537062344836084	0.146563951262123	3.66435498095689	0.000247962684740404	0.00111126619620204	FALSE
NGO_0687	2954.5599854519	-0.702619574926888	0.188606409595961	-3.72532182989997	0.000195066191526965	0.000921178253718385	FALSE
NGO_1905	862.855900650363	-0.988922716340744	0.163696768996266	-6.04118653290768	1.52984989184867e-09	2.65958519659846e-08	FALSE
NGO_1908	18692.3410980295	-0.54173263997502	0.16722579321983	-3.23952800309264	0.00119727709275518	0.00434424853380436	FALSE
NGO_1911a	11092.5082647527	0.571110789526146	0.155309260535404	3.67724878450476	0.00023576307506047	0.00106870253508786	FALSE
NGO_1914	9606.15872401539	-0.298630333558392	0.125931846549509	-2.37136468447628	0.0177225348057711	0.0415979971257119	FALSE
NGO_1916	966.538209551094	0.575535028574946	0.129133440864375	4.45690151770536	8.31527796986415e-06	5.79505275256612e-05	FALSE
NGO_1919	7633.60219089054	-0.940128778851121	0.215967792051105	-4.35309714435872	1.34227635180772e-05	8.92218986789838e-05	FALSE
NGO_1921	1764.10601191222	-0.722252835592594	0.177619989295551	-4.06628126967624	4.77692775918236e-05	0.000262399295660642	FALSE
NGO_1922	1579.76905967996	-0.477748567688767	0.151590976651362	-3.15156335978704	0.00162398924415549	0.00560949996562006	FALSE
NGO_1923	1315.48078399809	-0.867997539376796	0.293919545959096	-2.95318073027233	0.00314517764682231	0.00983184361723248	FALSE
NGO_1924	815.740248030635	-1.64372091753658	0.235464340042523	-6.98076369967416	2.9357974953659e-12	1.10861704295798e-10	TRUE
NGO_1931	7861.7109241709	-2.35778443265313	0.20912089453767	-11.2747434342502	1.74887703400593e-29	1.38336173389869e-26	TRUE
NGO_1933	2686.12907854212	0.952916159006285	0.238695579444206	3.99218184612014	6.54681369138756e-05	0.000347132317332709	FALSE
NGO_1934	5396.40603059188	0.928254211136466	0.191646505564864	4.8435749370984	1.27523593718635e-06	1.09642568077652e-05	FALSE
NGO_1945	487.347894337926	1.05828448785898	0.275022009158985	3.8479992604781	0.000119086412803931	0.000598078428748632	TRUE
NGO_1948	2511.06579197637	2.13436520860604	0.348809055066736	6.11900745580609	9.41599993636991e-10	1.7524837528632e-08	TRUE
NGO_1949	1224.67499324858	-0.531473755864157	0.125109579586288	-4.24806603636296	2.15623842637501e-05	0.000135363856766875	FALSE
NGO_1961	2510.27930176791	-0.906140690046769	0.176871551151356	-5.12315680022137	3.00462283226803e-07	3.01902195082986e-06	FALSE
NGO_1962	367.198047877387	-1.53904329730322	0.211487171571826	-7.27724185757777	3.40714113455725e-13	1.58532272790281e-11	TRUE
NGO_1963	1712.23993281168	-1.14753974301251	0.196811387038507	-5.83065726165526	5.5209479177536e-09	8.16274729522074e-08	TRUE
NGO_1881	4738.23860855633	-1.22776978088881	0.21851112071606	-5.61879769260901	1.92290852164779e-08	2.41431847718e-07	TRUE
NGO_1888	185.399059158604	0.752064752273808	0.247711603354486	3.03604975338022	0.00239699807712908	0.00784803900561438	FALSE
NGO_1890	8923.51415801018	-1.16190424798518	0.238509812665968	-4.87151549446907	1.10745476132077e-06	9.62633754071131e-06	TRUE
NGO_1896	1425.26183913545	-0.7482071073757	0.129911081878782	-5.75937861924542	8.44241426415975e-09	1.17157011981585e-07	FALSE
NGO_1900	7904.1694665424	-0.981130140208782	0.207905352846056	-4.71911918946725	2.36868012870931e-06	1.91186324674394e-05	FALSE
NGO_1182	4866.17123433079	-1.43168830973483	0.424165576843463	-3.37530527674854	0.000737338505421101	0.00295308738120552	TRUE
NGO_1183	9044.26379150325	0.56089480357154	0.17109524527154	3.27826061256911	0.00104448914772309	0.00391559675757803	FALSE
NGO_1189	1157.13600476521	-1.01120691712994	0.435765119101432	-2.32053203160248	0.0203121142063143	0.0467035534205909	TRUE
NGO_1192	193.737123172464	-1.52105692972168	0.320039724447685	-4.75271290883239	2.00705240453665e-06	1.66238581360052e-05	TRUE
NGO_1193	282.889071970888	-0.606872100123198	0.220291832180147	-2.75485520328743	0.0058718115065731	0.0164794602816759	FALSE
NGO_1194	616.001519220347	-0.695878948369431	0.22369884666311	-3.11078469446659	0.00186590933402268	0.00632091770112179	FALSE
NGO_1199	1753.25740079798	0.473598804140436	0.151220989736382	3.13183245901276	0.00173718978036014	0.00597442224462988	FALSE
NGO_1649	138.212964538119	-0.928486862264863	0.198078675596821	-4.68746501594524	2.76609966768741e-06	2.21008569408156e-05	FALSE
NGO_1654	2353.13972389437	1.39301346310288	0.208003048388697	6.69708196054775	2.12622383932238e-11	6.34657757322266e-10	TRUE
NGO_1655	9689.7372161654	0.557632354752515	0.148820725874909	3.74700735716899	0.000178956839337976	0.00085531637411685	FALSE
NGO_1659	1417.03674680019	1.02581065430832	0.37454993681134	2.73878207814253	0.00616672341213568	0.0171756275316877	TRUE
NGO_1662	2244.94710086405	-0.356601484525615	0.0964475378061492	-3.69736224103877	0.000217851371370307	0.00101067703667984	FALSE
NGO_1663	651.216839477571	-0.550258078910956	0.166020683028307	-3.31439474211255	0.000918417507529098	0.00353512529662052	FALSE
NGO_1667	8402.99659695312	-0.327522474891569	0.14141641620582	-2.31601453126126	0.0205574752960824	0.0469970027722576	FALSE
NGO_1669	10827.1509498333	-0.22911304224611	0.0866671681457443	-2.6435967292807	0.00820303234768362	0.0217190119443401	FALSE
NGO_1670	2415.08845975471	0.848824222905383	0.140568652728689	6.03850294093447	1.55550593368996e-09	2.67479389901904e-08	FALSE
NGO_1671	775.752611612285	1.04130436210753	0.204487469160027	5.09226490202501	3.5381129442647e-07	3.43392311523114e-06	TRUE
NGO_1672	179.675346321267	0.889628350798194	0.379863855724672	2.34196630553606	0.0191824466172476	0.0445618657099642	FALSE
NGO_1674	1291.67681978961	0.827449630540664	0.223271748777089	3.70602028726338	0.000210541442221071	0.000982526730365	FALSE
NGO_1676	11599.2316659324	0.833092315694835	0.201917256209006	4.12590945091139	3.69272549877724e-05	0.000215567960851129	FALSE
NGO_1678	3456.47712907248	-0.671949053988164	0.228064611705525	-2.94631003452556	0.00321589885749474	0.00993662498546225	FALSE
NGO_1682	590.978586270846	0.504130668239897	0.176401114944666	2.85786554352582	0.00426501071885247	0.0126352939273869	FALSE
NGO_1686	2251.51699816758	-0.496382237992966	0.155368218245171	-3.1948762983796	0.00139890786096666	0.00496204537230776	FALSE
NGO_1687	570.306847367317	-0.784275235397767	0.233393447005801	-3.3603138625322	0.000778539721520763	0.00308308604945541	FALSE
NGO_1690	1826.5246141802	-0.999365209408889	0.204484381506752	-4.88724469832377	1.02256968020248e-06	8.99744274213038e-06	FALSE
NGO_1694	234.730315469037	-0.978576112773418	0.214073143547397	-4.5712231649308	4.84885555242063e-06	3.60135656522509e-05	FALSE
NGO_1695	2802.48630438026	-0.471052031777034	0.19564334671615	-2.40770790156469	0.0160530191463674	0.0381892876534635	FALSE
NGO_1063	1302.45540498545	-1.27828725722968	0.309020583080741	-4.13657641988104	3.52525986741443e-05	0.000206554115194431	TRUE
NGO_1061	732.129506046537	-0.782533460448626	0.154256686759498	-5.07293056066138	3.91735476835902e-07	3.75591226881452e-06	FALSE
NGO_1060	1499.11729048801	-0.352475961374987	0.141328070566774	-2.49402655793317	0.0126303093923228	0.0313675815677466	FALSE
NGO_1059	2738.71152687133	0.971586706101343	0.158686460578262	6.12268181268162	9.20133278632463e-10	1.7329176747578e-08	FALSE
NGO_1058	849.454872679223	0.848245957325375	0.137152467130587	6.18469339321279	6.22232886231564e-10	1.23046553252292e-08	FALSE
NGO_1056	3260.16818755358	-1.1413468995478	0.204782106075289	-5.57346987694413	2.49714848277409e-08	3.0863194529286e-07	TRUE
NGO_1052	958.975608373513	-1.06810499589619	0.165006925501367	-6.47309191811674	9.60175005748805e-11	2.26715949118598e-09	TRUE
NGO_1048	96.7092033356674	-0.964698866277926	0.292233235434	-3.30112646101062	0.00096297467627598	0.00366589400731957	FALSE
NGO_1046	8121.56641252213	-1.0079251186072	0.313290361442349	-3.21722351740041	0.0012943771547819	0.00462235814642203	TRUE
NGO_1045	1744.53127351163	-0.438782105891988	0.118602417404176	-3.69960507968988	0.00021593522090137	0.00100473388078226	FALSE
NGO_1041	2050.63905002847	-0.766666208834714	0.149827538325959	-5.11699129145928	3.1044794941098e-07	3.08885947149793e-06	FALSE
NGO_1040	470.735391944163	0.791835774857178	0.225705368941321	3.50827177293704	0.000451028038797439	0.00187536779494793	FALSE
NGO_1040a	9959.00967637012	1.15594485219461	0.313469437676126	3.68758390216313	0.000226393456932951	0.00104418206667034	TRUE
NGO_1032	3725.11862531644	0.584506866675541	0.173998243785714	3.35926877167442	0.000781490205961833	0.00308308604945541	FALSE
NGO_1031	2255.65283702946	0.475858801501046	0.137260466788261	3.46683070978558	0.000526633456113986	0.00215280136323598	FALSE
NGO_1030	3134.56458691273	1.1553284483315	0.148572360306031	7.77620040464959	7.47352810606735e-15	4.54735440915329e-13	TRUE
NGO_1029	3456.09840411138	-1.16021594318302	0.416081459184011	-2.78843461436218	0.0052963437569342	0.0150698126321401	TRUE
NGO_1028	6171.96165433901	-0.877215555132962	0.152048504269617	-5.76931393930359	7.95949035285521e-09	1.1242780123408e-07	FALSE
NGO_1026	2354.59317369111	-0.401687470510716	0.135982565812082	-2.95396301806673	0.00313721598195054	0.00982787264048666	FALSE
NGO_1025	865.578872683808	-0.469571176879684	0.173940497556733	-2.69960810435493	0.00694211976660845	0.019000749949437	FALSE
NGO_1011	187.294895253024	1.64788473264559	0.347826519719938	4.73766271178065	2.16197253144846e-06	1.76802548152832e-05	TRUE
NGO_1010	562.757722742668	1.39338294562375	0.233666135655404	5.96313600049701	2.47442302420439e-09	4.03560538586737e-08	TRUE
NGO_1005	934.147007398488	0.628096736794515	0.17690722341429	3.55043013322078	0.000384602205220823	0.00162250850309158	FALSE
NGO_0998	3192.76589159606	0.784003736733292	0.112314879928893	6.98040844836987	2.94323108749907e-12	1.10861704295798e-10	FALSE
NGO_0994	8746.05351210122	-0.545223398695665	0.171841648024268	-3.17282454494773	0.00150963726341846	0.00530721366828446	FALSE
NGO_0988	2902.12563145252	-0.435872373095174	0.152741659853726	-2.85365743381727	0.00432191075135096	0.0127799304834341	FALSE
NGO_0987	7967.29123389983	1.68704874050194	0.239875842908795	7.03300807636299	2.02127661808141e-12	8.19912720462766e-11	TRUE
NGO_0986	2678.5464769384	0.575884917437577	0.22044733563871	2.61234691618769	0.00899229540332954	0.0233592961052009	FALSE
NGO_0979	341.60673119337	-0.693623876511459	0.251495137900622	-2.75800113792077	0.0058155995466666	0.0164468296935358	FALSE
NGO_0978	15094.9982254509	0.541104232844282	0.170105132881719	3.18099885451743	0.00146768209940386	0.00517120953509335	FALSE
NGO_0977	10320.7223240259	-0.72842845712759	0.275592253170657	-2.64313836382229	0.00821414605807732	0.0217190119443401	FALSE
NGO_0976	250.292008058008	-0.646697704478679	0.212406896686931	-3.0446172632137	0.00232976587437924	0.00767852002764159	FALSE
NGO_0970	1180.16789019053	-0.865882131913256	0.174326934127484	-4.96700143467241	6.79960853130517e-07	6.1821728140947e-06	FALSE
NGO_0968	2541.13220212431	-0.343588983502344	0.124594942300005	-2.75764792021041	0.00582188661718081	0.0164468296935358	FALSE
NGO_0963	4437.10390394983	-0.35698177371988	0.122397032742363	-2.91658846396466	0.00353882353585061	0.0108077583662464	FALSE
NGO_0959	4319.77797428652	-2.25391116830826	0.218774818342366	-10.3024250477542	6.87070312055268e-25	1.81157538945239e-22	TRUE
NGO_0958	926.358782971786	-1.35979692167125	0.218433565109221	-6.2252196496968	4.80881819997417e-10	9.87993557449238e-09	TRUE
NGO_0956	4076.05978848914	-0.740523975941679	0.221639715289792	-3.34111589600921	0.000834423840250118	0.00326747157246457	FALSE
NGO_1502	1813.11919947824	0.490284250738848	0.160869956719212	3.0477054929194	0.00230595801715562	0.00761591979778746	FALSE
NGO_1505	379.897249884812	0.82020000447432	0.305648128869208	2.68347791792076	0.00728607866873074	0.0198051141820138	FALSE
NGO_1506	3107.1189982119	0.988857076719891	0.184984701949097	5.34561542819903	9.01103503690124e-08	1.01824695916984e-06	FALSE
NGO_1507	1628.76554599936	0.699395075177473	0.247312402543531	2.82798221190855	0.00468424092539889	0.0135971910898735	FALSE
NGO_1509	5277.48598351469	1.00176573949451	0.235980799880862	4.24511545007163	2.1848090120145e-05	0.00013661533031648	TRUE
NGO_1510	10960.6877791105	0.932210487600123	0.180603436890515	5.16164312069678	2.44791631127923e-07	2.51467766522321e-06	FALSE
NGO_1512	1289.06852104737	-0.525839589767987	0.176412722142913	-2.98073508180436	0.00287557434849486	0.00911655033931636	FALSE
NGO_1513	18340.9324887816	1.2056132954434	0.251749308025577	4.78894383026828	1.67661398367224e-06	1.41085283094122e-05	TRUE
NGO_1514	533.506421704028	-0.641315826020666	0.245748508887799	-2.60964279670755	0.00906368091794161	0.0234676648317244	FALSE
NGO_1516	1730.6832980613	-0.728984997599576	0.175386916356371	-4.15643887665111	3.23246601024467e-05	0.000192246662714551	FALSE
NGO_1520	1258.32885238024	-1.39166149655376	0.170703032858195	-8.15252941469313	3.5639022641948e-16	2.68480637236008e-14	TRUE
NGO_1525	117.967504959999	0.692273968690005	0.215871621052792	3.20687807556097	0.00134183853523852	0.0047703113769603	FALSE
NGO_1527	3877.59788112407	-0.419494755180752	0.1574786159295	-2.66382043495068	0.00772587908958135	0.0206110298814801	FALSE
NGO_1528	19469.1192715222	-0.565781316579991	0.144992162459092	-3.90215103343685	9.53416343189972e-05	0.000492910017949848	FALSE
NGO_1529	5604.27396140457	0.283875573436363	0.107911351283551	2.63063681493935	0.00852250582037272	0.0224336176502989	FALSE
NGO_1530	1730.42607522627	0.914269436871368	0.163367616919579	5.59639330064684	2.18856908923777e-08	2.72623330643634e-07	FALSE
NGO_1531	2592.9578567296	0.828500890740032	0.164821634272229	5.02665135191921	4.99118584486645e-07	4.72817724944834e-06	FALSE
NGO_1533	3322.34660430562	0.390573921962597	0.157051851540605	2.48691064849761	0.0128857758228481	0.031752799613311	FALSE
NGO_1537	2365.47788548686	0.526320062027012	0.138131412499557	3.81028509375954	0.000138806629253242	0.000690541155593171	FALSE
NGO_1539	4276.20888154997	0.66320833899568	0.157009718367577	4.22399546914055	2.40008876344531e-05	0.000147168233479476	FALSE
NGO_1542	7371.89179963232	0.497004341128419	0.181749641500073	2.73455472608577	0.0062464710875236	0.0173366969481795	FALSE
NGO_1543	369.014882919878	1.31265829585207	0.425994847644658	3.08139477064055	0.00206033287307458	0.00692026880085772	TRUE
NGO_1546	415.406937195912	-0.612144765081968	0.226917153300626	-2.69765752028002	0.00698292393521013	0.0190794225656346	FALSE
NGO_1547	1853.43899962939	0.574552800231705	0.175519194740335	3.27344710692016	0.00106244273080348	0.00396340681038816	FALSE
NGO_1551	726.096465753823	-0.803426415665568	0.282900571640894	-2.83996038256655	0.00451191369265965	0.0132421257694018	FALSE
NGO_1561	3191.43335433235	1.15289795777314	0.169759237436847	6.79137097444865	1.1107289671945e-11	3.71448793969579e-10	TRUE
NGO_1562	1491.04781258917	1.7134003486702	0.367324304310751	4.66454391545159	3.09302275127463e-06	2.43440895150073e-05	TRUE
NGO_1566	2262.53361038715	-0.402263034781923	0.173411937980076	-2.3196963223382	0.0203573109327583	0.0467035534205909	FALSE
NGO_1567	3037.16195222472	-1.66475005060426	0.280814025546437	-5.92830093641094	3.06085170810839e-09	4.89117919416916e-08	TRUE
NGO_1568	1583.65693756193	-0.940876618692831	0.252750397653814	-3.72255247638236	0.00019721890253934	0.00092857233278939	FALSE
NGO_1573	7152.19236750205	-0.883851892991038	0.169792057578327	-5.20549609679656	1.93479014449705e-07	2.04055867239623e-06	FALSE
NGO_1574	991.189295225551	-0.434948500217834	0.176789165704149	-2.46026671648933	0.0138833796876009	0.0339466872732374	FALSE
NGO_1577	82808.8204957422	-0.824433579607981	0.146399929909517	-5.6313796059706	1.78773751761614e-08	2.27133561282065e-07	FALSE
NGO_1578	714.393415612507	-1.13948951443018	0.197328653159813	-5.77457706310564	7.71466158079322e-09	1.09951302890224e-07	TRUE
NGO_1581	14096.9096863043	-1.79123923440692	0.497541818321599	-3.60017825325611	0.000317999103272084	0.00138588038946677	TRUE
NGO_1583	700.815472238862	-1.2538943353045	0.191817632034266	-6.53690863559666	6.280338690065e-11	1.68398234028522e-09	TRUE
NGO_1585	2356.07226159765	-0.442674472245153	0.190478226179296	-2.32401614150095	0.020124628936004	0.0465455599075413	FALSE
NGO_1588	1011.96491850617	-0.730839949920093	0.315740530516858	-2.31468525350144	0.020630163378461	0.0470272600356272	FALSE
NGO_0952	3269.4238226698	0.996532558457709	0.167051239776844	5.96543048581341	2.4398990729905e-09	4.0207503473656e-08	FALSE
NGO_0949	666.945155640974	-1.72079890947236	0.280612361425034	-6.13229902180224	8.66180994749787e-10	1.65096184782429e-08	TRUE
NGO_0948	7078.04386221036	-0.407412577516854	0.155170125260372	-2.62558644476973	0.00864998414867362	0.0226732750804357	FALSE
NGO_0929	5669.30398027014	1.05477828970986	0.258374604126411	4.08236054497756	4.45805634700582e-05	0.00024921007565241	TRUE
NGO_0923	1379.3427789981	-0.631911249327269	0.210312370957423	-3.00463185522832	0.00265902477516169	0.00856736699451283	FALSE
NGO_0918	13907.1398969551	-0.776447222888985	0.207204370905377	-3.7472531081092	0.000178781663535739	0.00085531637411685	FALSE
NGO_0914	810.427220987907	0.838430003206318	0.306552423410385	2.73502976710741	0.0062374635155509	0.0173366969481795	FALSE
NGO_0904	2853.04245034671	-0.56052163865873	0.231508661734416	-2.42116918848485	0.0154706750078376	0.0370266382184555	FALSE
NGO_0903	687.822009724663	-0.391798253765156	0.134394292985318	-2.9152893702708	0.00355358885946326	0.0108127466928226	FALSE
NGO_0901	143.360646725857	-1.1346353441365	0.373783533060984	-3.03554127931948	0.00240104353901224	0.00784803900561438	TRUE
NGO_0899	5592.33058308878	1.36967779651194	0.204249315043488	6.70591133302115	2.00153235172997e-11	6.0892772700708e-10	TRUE
NGO_0894	522.668780598837	0.699555102690433	0.266977892753951	2.62027351955748	0.00878592672545571	0.0229361981512722	FALSE
NGO_0891	2513.22562617481	-1.09367111972478	0.194152498015819	-5.63305201273111	1.77048032063184e-08	2.27133561282065e-07	TRUE
NGO_0890	6571.18520816473	-0.542289767305722	0.120180513177971	-4.51229365698135	6.41303135926354e-06	4.5700070316914e-05	FALSE
NGO_0887	232.935251138923	1.24989153884007	0.218228049363494	5.72745594567533	1.0194790012486e-08	1.36679303387736e-07	TRUE
NGO_0886	238.432175321864	1.04598973600426	0.228404659774291	4.57954639383412	4.65985421833942e-06	3.49378643289714e-05	TRUE
NGO_0885	55.3701662499177	0.911452994177484	0.340356850471958	2.67793344812544	0.00740779356186408	0.0200056143304372	FALSE
NGO_0876	233.314054600746	1.30694161040616	0.25283322838044	5.16918452047606	2.35117669530597e-07	2.43108596861049e-06	TRUE
NGO_0874	1472.22539859171	0.697024914805194	0.16445119894355	4.23849092790413	2.25027274407806e-05	0.000139059823481699	FALSE
NGO_0873	1885.66313896528	0.906678364303824	0.161023747984439	5.63071208845197	1.79467099622365e-08	2.27133561282065e-07	FALSE
NGO_0872	3138.61620356898	0.541445868642216	0.204393305132954	2.64903915659085	0.0080720978519548	0.02142627315737	FALSE
NGO_0867	763.488662047701	-0.577571958578885	0.241910900038624	-2.38754003431292	0.0169615552824918	0.0402296558574244	FALSE
NGO_0863	8239.03459855388	-3.88185527837663	0.378548008764333	-10.2545917254931	1.12851892887378e-24	2.55045277925475e-22	TRUE
NGO_0862	2630.70492717303	-0.776227504039509	0.193539777213677	-4.01068718386773	6.05422800828854e-05	0.000322484468320285	FALSE
NGO_0859	271.504538362474	-0.789913864308293	0.216022242435281	-3.65663209215572	0.00025555075085553	0.00113882052916464	FALSE
NGO_0858	773.532007910929	-0.97406172564615	0.237107976835204	-4.10809344606381	3.98938700526831e-05	0.000226944428804002	FALSE
NGO_0853	100.300119789607	-1.39209133373587	0.250309341086551	-5.56148375323522	2.67490585234753e-08	3.23363794818094e-07	TRUE
NGO_0851	5054.88707325324	-0.660686412923312	0.1825027982732	-3.6201440151854	0.000294439088682471	0.00129389621748797	FALSE
NGO_0845	1207.20938601185	-0.790746638858589	0.227224910911509	-3.48001737875712	0.000501381258430515	0.00206558633030488	FALSE
NGO_0844	1236.88379151819	-0.891183718036825	0.366339117343784	-2.43267419678939	0.0149877801765505	0.0359797697106265	FALSE
NGO_0832	1575.04434394019	-0.536295264383387	0.201847514235805	-2.65693271682736	0.00788551793064976	0.021001497249643	FALSE
NGO_0829	9273.10078737102	1.22205126970772	0.185415547301908	6.59087809782143	4.37232785813525e-11	1.25764048573999e-09	TRUE
NGO_0827	1681.756785395	2.1370312510213	0.31801771731785	6.71984966449335	1.81912147019246e-11	5.71257008137718e-10	TRUE
NGO_0826	2136.106543469	1.23412301598351	0.203735252315487	6.05748392562155	1.38267153721028e-09	2.43042930207407e-08	TRUE
NGO_0825	1929.08679635507	1.36302070486782	0.209964365576421	6.49167634291599	8.488647192654e-11	2.07664542110886e-09	TRUE
NGO_0822	254.349384444027	-1.20748570472116	0.300050944188933	-4.02426897200778	5.7152567870105e-05	0.000307535246158184	TRUE
NGO_0821	8772.05141536019	0.286156879602829	0.118255260013696	2.41982368961589	0.0155280338859676	0.0371077788634452	FALSE
NGO_0820	1482.90199690111	1.49371020420395	0.227022633166938	6.5795651445271	4.71826152912562e-11	1.33290888197799e-09	TRUE
NGO_0813	2936.890363685	0.731013532995816	0.153646460491631	4.75776357396554	1.95749573992637e-06	1.62987276871764e-05	FALSE
NGO_0812	589.845676346607	1.41617929281053	0.147863867924735	9.57758857986449	9.93371049792149e-22	1.57151300077118e-19	TRUE
NGO_0805	272.161848477898	-1.99633408861764	0.287481321980326	-6.94422188845458	3.80551967443501e-12	1.4000772383619e-10	TRUE
NGO_0803	17910.0295094858	0.653632608879805	0.16099584177006	4.05993472684436	4.90864362438515e-05	0.000268701529888488	FALSE
NGO_0798	746.230545319443	-1.01998492513707	0.232644648290885	-4.3843042710432	1.16357045782157e-05	7.89128092789785e-05	TRUE
NGO_0797	154.142273413058	-1.21821416470814	0.362882784533188	-3.35704590195772	0.00078780032612152	0.00310024904458767	TRUE
NGO_1439	3219.42705498087	0.992603054492211	0.241021614715049	4.11831551151845	3.81651930945656e-05	0.000220355238962054	FALSE
NGO_1440	3123.15795465651	0.550462565835797	0.237301316950583	2.31967766934235	0.0203583207218985	0.0467035534205909	FALSE
NGO_1450	976.35303011421	-1.01972941938876	0.229183282790449	-4.44940576368801	8.61082008384575e-06	5.97470060203683e-05	TRUE
NGO_1451	238.272354800236	0.615722159944924	0.254842407858383	2.41608986949725	0.0156881887292544	0.0374339586269691	FALSE
NGO_1452	3378.39495963827	-0.859833964347006	0.163973691645709	-5.2437312090577	1.57361397817355e-07	1.68206575234497e-06	FALSE
NGO_1456	2712.25714429688	-0.924529068766013	0.214681570600434	-4.30651343839267	1.65847858442533e-05	0.000107529226252495	FALSE
NGO_1467	631.410720597089	1.18308394437819	0.213921714322123	5.53045280198489	3.19405231481405e-08	3.8280233045726e-07	TRUE
NGO_1470	2632.57295264037	-0.829521035418212	0.243972256050189	-3.40006297784764	0.000673703342947183	0.00272582784793464	FALSE
NGO_1472	1349.31716577458	-0.554461042221231	0.196531896329983	-2.82122674525194	0.00478403751573175	0.0137856964478827	FALSE
NGO_1473	13357.0345949887	2.00719546193837	0.336426792693853	5.96621763048731	2.42816374459646e-09	4.0207503473656e-08	TRUE
NGO_1474	270.450046071627	-1.10898492161291	0.173470469607323	-6.39293203115934	1.62734611780799e-10	3.63100842093983e-09	TRUE
NGO_1481	1074.86416940287	1.24370990636671	0.22839479970109	5.4454388103162	5.16778265675993e-08	6.01134717867222e-07	TRUE
NGO_1482	708.591455219419	0.537413991654338	0.228281481257919	2.3541725272369	0.0185639926575395	0.043252189078391	FALSE
NGO_1483	1376.07624725668	0.916482653497018	0.17081207749508	5.36544410054035	8.07502865759257e-08	9.19042829950464e-07	FALSE
NGO_1486	3188.71336836121	0.381044264925495	0.132848616009692	2.86825919885907	0.00412737247709586	0.0122735023661009	FALSE
NGO_1491	4719.42489291146	1.14118610079546	0.153157422015207	7.45106626750452	9.25888379813615e-14	4.88251805621713e-12	TRUE
NGO_1492	4218.25187712745	0.349170028262802	0.151008628049197	2.31225217243247	0.0207637906863697	0.0472637652745853	FALSE
NGO_1496	4479.26351395373	-0.798831838846539	0.348524818982555	-2.29203716733449	0.0219034985538431	0.0494312906022536	FALSE
NGO_1382	2419.4285668805	-1.14954010567025	0.131133763665067	-8.76616420929039	1.84856350165436e-18	1.82776716226074e-16	TRUE
NGO_1381	968.905856859342	-0.703651347996063	0.223568280510383	-3.14736664069564	0.00164748238804211	0.00567825084506018	FALSE
NGO_1376	1522.88140804994	-1.03465298268876	0.245268992589655	-4.21844184935264	2.45996394995489e-05	0.000150257257483731	TRUE
NGO_1374	13453.7103729023	-2.09310267076467	0.22378679171337	-9.35311085493173	8.51069655895174e-21	1.03568630432782e-18	TRUE
NGO_1373	3620.03348951693	-1.38531888863583	0.304257863734695	-4.55310791849835	5.28591394843508e-06	3.87144253075199e-05	TRUE
NGO_1371	9786.90625657939	-1.20724548370399	0.241576442116513	-4.99736428406265	5.81192144025932e-07	5.44050870916583e-06	TRUE
NGO_1370	576.747544900674	-1.15892141035997	0.198185700478122	-5.84765403136595	4.98554113475625e-09	7.51154864303275e-08	TRUE
NGO_1364	19368.0910165829	0.645046275231044	0.218823285255245	2.94779540705019	0.00320048802975394	0.00993521844379171	FALSE
NGO_1358	27093.5180417568	-1.23815321976019	0.267909250496191	-4.62153963503322	3.80902540352762e-06	2.95386185704936e-05	TRUE
NGO_1355	1975.08426260749	0.64219703070733	0.213557974677887	3.00713205243666	0.00263725173594764	0.00851455560463094	FALSE
NGO_1353	998.708458978993	1.0557754806012	0.201451593311563	5.24083956471048	1.59847648215448e-07	1.69717435890495e-06	TRUE
NGO_1347	1791.40928072891	1.06524233244295	0.260915021577652	4.08271753002889	4.4512114026603e-05	0.00024921007565241	TRUE
NGO_1346	2062.10830424451	1.78773955469001	0.211088708407424	8.46913872455687	2.47214114621886e-17	2.05838278595697e-15	TRUE
NGO_1345	6527.8148040787	0.544176278964944	0.188729448484422	2.88336708094529	0.00393448653129272	0.0117626826836932	FALSE
NGO_1344	2309.37370710535	0.744593519776002	0.145351050573235	5.122725407484	3.01150755828433e-07	3.01902195082986e-06	FALSE
NGO_1340	2061.12482333194	0.654802387596026	0.140316569559634	4.66660772602296	3.06213134326129e-06	2.42214589251968e-05	FALSE
NGO_1339	1443.14460994833	0.687593759922021	0.158157355010794	4.34752945808365	1.37679583630754e-05	9.11335151898964e-05	FALSE
NGO_1338	445.110377534367	1.4041631291258	0.198050740527741	7.08991607597204	1.34193353866648e-12	5.5866812057115e-11	TRUE
NGO_1337	1441.38693011393	1.08639826956543	0.206314568891298	5.26573705096814	1.39628019038363e-07	1.50266344298428e-06	TRUE
NGO_1335	3645.69376873233	-0.543416279172251	0.144880105318539	-3.75079986294513	0.000176271359114293	0.000850186860118326	FALSE
NGO_1329	1208.64894917656	-0.757601824119009	0.17282560167719	-4.38362034771958	1.16723118655379e-05	7.89128092789785e-05	FALSE
NGO_1328	5517.58504225607	-1.38720356236181	0.235742212880803	-5.88440884392314	3.99479234327414e-09	6.31976148705969e-08	TRUE
NGO_1323	778.833623952999	0.508440010454668	0.155208341751119	3.27585492324868	0.00105342658553532	0.00393976562249851	FALSE
NGO_1322	782.791927229157	1.19236293036974	0.138065865742347	8.63618914029689	5.81192572476931e-18	5.40850970387356e-16	TRUE
NGO_1320	1935.8943989243	0.473847757527891	0.132329882446297	3.58080691048895	0.000342534728510066	0.00146061978572217	FALSE
NGO_1318	2024.37888727136	-1.39634442589765	0.295501860507854	-4.72533209604119	2.29739592293453e-06	1.86383607696535e-05	TRUE
NGO_1314	3615.03656528907	0.744299745808066	0.21323520443099	3.49051062086207	0.000482098450209769	0.00199133093533121	FALSE
NGO_1311	1091.96245160508	-0.545803449699344	0.165098855482033	-3.30591903926761	0.000946654361156383	0.00361740869408067	FALSE
NGO_1308	10721.6009080236	0.344035947624393	0.126266049401319	2.72469083538776	0.00643617234396092	0.0177387188992094	FALSE
NGO_1307	5370.25742118978	1.02941900935905	0.201980041854882	5.09663727121446	3.45739884685314e-07	3.37629936772942e-06	TRUE
NGO_1304	2934.95408568024	-1.32095222789285	0.247845948350685	-5.32973097475774	9.83583562245933e-08	1.08813230452662e-06	TRUE
NGO_1299	518.353639652197	-0.649749064778043	0.220890349712256	-2.94150045769062	0.00326626359969445	0.010033454397508	FALSE
NGO_1298	291.122712936821	-1.25139231882984	0.320435078664446	-3.90529128098448	9.41119567771747e-05	0.00048828809333501	TRUE
NGO_1297	3854.60344979807	-0.759814344932544	0.268306200488709	-2.83189260460091	0.00462733876400959	0.0134814915739653	FALSE
NGO_1295	21900.0936783481	2.47820722907303	0.270550892677071	9.15985604243049	5.1966594730225e-20	5.87222520451543e-18	TRUE
NGO_1294	372.170198477606	-2.02351473223992	0.324372543292423	-6.23824295268949	4.42513020087066e-10	9.33407463703651e-09	TRUE
NGO_1288	579.410262520904	-0.742958535688699	0.180463575344645	-4.11694456496173	3.83928371633742e-05	0.00022086352142712	FALSE
NGO_1287	533.576231243426	-0.518284113888261	0.165987576532081	-3.12242714013051	0.00179366496093621	0.00612867811706499	FALSE
NGO_1285	8289.84939375527	0.980748487474206	0.279582525851386	3.5079033801831	0.000451653053018433	0.00187536779494793	FALSE
NGO_1284	789.084707855419	1.4036774416344	0.239556160637249	5.85949214539275	4.64284844731691e-09	7.20096690554447e-08	TRUE
NGO_1283	3629.02551334031	-0.555668222980754	0.151329853232581	-3.67190089140403	0.000240753052435017	0.00108202082088692	FALSE
NGO_1277a	7404.88922303379	0.98745038015257	0.195199851606939	5.0586635800366	4.2220497732358e-07	4.02366430196327e-06	FALSE
NGO_1277	527.892553234427	-2.77736600804112	0.315850096249267	-8.79330429536814	1.45224456319929e-18	1.53163393265418e-16	TRUE
NGO_1276	4215.31175271784	-3.80896629005323	0.707881070943853	-5.38079975069052	7.41556486065514e-08	8.50103160112784e-07	TRUE
NGO_1972	4893.69035675874	-0.664438503344281	0.22908895683556	-2.90035151638153	0.0037274439078155	0.011296582877709	FALSE
NGO_1975	25759.1780988307	0.391978078534183	0.120934320718059	3.24124761446358	0.00119007762687917	0.0043380248979789	FALSE
NGO_1980	7989.69747346419	-0.58459365644606	0.156628596550141	-3.73235583617655	0.000189697267967931	0.000901204438214013	FALSE
NGO_1987	703.960436618388	0.596394350875004	0.195513628475083	3.05039784452167	0.00228538411460328	0.00756376081444016	FALSE
NGO_1991	2322.00714708472	0.6598764289605	0.203060884422854	3.24964815767458	0.0011554787113785	0.00425108679395533	FALSE
NGO_1992	2011.41898156726	0.668458427698378	0.207432229503023	3.22253889523294	0.0012705991363195	0.00455802229854297	FALSE
NGO_1994	1278.10732366898	0.820465499372409	0.195518405699149	4.19635939868948	2.7123971446472e-05	0.000164406600874784	FALSE
NGO_1996	1347.50504475912	0.827182963857258	0.197283962665412	4.19285456699863	2.75466053501088e-05	0.000166331029251421	FALSE
NGO_1997	6312.80571532282	-0.515615043971254	0.182636520347385	-2.82317601644252	0.00475504579589728	0.0137522531062331	FALSE
NGO_1998	2407.76339710873	-0.496573839309854	0.190278948174991	-2.60971507396171	0.00906176632305676	0.0234676648317244	FALSE
NGO_1999	2536.6053525437	-1.01001993964974	0.196317265593257	-5.14483500265517	2.67756040148819e-07	2.7328390678415e-06	TRUE
NGO_2000	3675.65318934626	1.27416695474308	0.221041249725188	5.76438540918133	8.19559387032961e-09	1.14738314184615e-07	TRUE
NGO_2001	8147.0617108185	0.873459534356056	0.220133203786542	3.96786817859167	7.25184253306502e-05	0.000379881287659234	FALSE
NGO_2002	3230.60329355536	0.738916102118464	0.247446126754279	2.98616960310002	0.00282495918790022	0.00902845542476395	FALSE
NGO_2008	411.809019635141	-0.862415874290016	0.350866778380602	-2.45795819789616	0.0139729437388452	0.0340725481170179	FALSE
NGO_2009	1326.68851071509	-0.896497304092469	0.297478661911633	-3.01365246949637	0.0025812330245781	0.0083678496821364	FALSE
NGO_2010	3833.13664109754	0.35815716870353	0.136423767938849	2.62532822626679	0.00865654750226496	0.0226732750804357	FALSE
NGO_2011	4174.65171260673	2.03471106728559	0.342861875350123	5.93449203183582	2.9475664568031e-09	4.75821442312501e-08	TRUE
NGO_2012	1478.09699567343	3.07365089212827	0.485184015328825	6.3350209302447	2.37309056872794e-10	5.214207332955e-09	TRUE
NGO_2013	2728.89053090992	1.12975522411722	0.400549262721411	2.82051505086151	0.0047946624239318	0.0137911926448366	TRUE
NGO_2015	929.027510774097	-0.967129214648598	0.164891214812737	-5.86525616750985	4.48439817329887e-09	7.0240771387711e-08	FALSE
NGO_2016	11546.3349251777	-0.669729182011691	0.168530188488285	-3.97394192707644	7.06928063186437e-05	0.000371548237860778	FALSE
NGO_2021	4886.93225526712	-0.367902634126844	0.14699111053057	-2.50289036390626	0.0123183696649965	0.0306892296220858	FALSE
NGO_2023	2542.23552448628	-1.58090312508518	0.259412294199167	-6.09417194341384	1.10005372738422e-09	1.97759658718391e-08	TRUE
NGO_2024	12670.8857448661	0.51062911156964	0.179531634062792	2.84422917573983	0.00445190141965764	0.0131397538169746	FALSE
NGO_2029	4428.82353404205	-1.25944742614688	0.177382589935847	-7.10017497547184	1.24599035453758e-12	5.47543539132905e-11	TRUE
NGO_2030	8511.11720683646	-0.823833078978541	0.207022730022872	-3.97943297766156	6.90798308490327e-05	0.000364280974677232	FALSE
NGO_2031	7573.17230344618	-1.10945210121844	0.228284706427883	-4.85994930882034	1.1741581330918e-06	1.01503724948154e-05	TRUE
NGO_2032	3000.84892826679	0.521003314118543	0.209722286072557	2.48425345667982	0.0129823369487819	0.0319409907511243	FALSE
NGO_2034	496.06844948568	0.62954952824913	0.21011291926351	2.99624378384649	0.00273327824108023	0.0087887117426604	FALSE
NGO_2035	1061.73674864081	-0.830935794017099	0.204262767454106	-4.06797481681919	4.74235050957544e-05	0.000261407613454646	FALSE
NGO_2036	467.269414745801	-0.505051519782078	0.203580719767497	-2.48084160601693	0.013107260276185	0.0321982698088893	FALSE
NGO_2040	3372.47596488805	1.09487627271313	0.188546562489432	5.80692778620397	6.36295633678008e-09	9.32055270813527e-08	TRUE
NGO_2044	3395.81033412935	-0.397069290949459	0.155945761080285	-2.54620124457911	0.0108902385495277	0.0275653718165645	FALSE
NGO_2045	3418.97221158696	-0.906604296128199	0.117760462758155	-7.698715467772	1.37440825253008e-14	7.76540662679496e-13	FALSE
NGO_2050	127.627178492501	-0.727778560535262	0.296793244085981	-2.45213991570652	0.0142009431721541	0.0345098188914713	FALSE
NGO_2054	53.0137145033448	-1.6516915559805	0.453494700304649	-3.64214081194537	0.000270380097066624	0.00119147998205961	TRUE
NGO_2055	250.81526175571	-0.473018841652677	0.17066642258036	-2.77159873923034	0.00557817516875757	0.0158432192405287	FALSE
NGO_2056	4744.73634777845	-1.38854097388048	0.146216062624622	-9.49650092442479	2.17061508008826e-21	3.1217391424542e-19	TRUE
NGO_2057	2247.90982810272	-0.535426850485766	0.154306108780742	-3.46990054195826	0.000520651120317764	0.00213940278530572	FALSE
NGO_2059	3008.13328094026	3.07766904537541	0.314125108571119	9.79759007286938	1.15303718813018e-22	2.02678314624661e-20	TRUE
NGO_2060a	52.6191711091049	2.10367262815953	0.644943090813448	3.26179574310383	0.00110708883336797	0.00408255136221008	TRUE
NGO_2065	1048.09382122724	-0.417614781463244	0.170912575414181	-2.44344092557974	0.0145479511029195	0.035244806500488	FALSE
NGO_1752	5421.7129114202	-0.700587176813094	0.237030187915797	-2.95568755597481	0.00311972950596812	0.00981195244222974	FALSE
NGO_1750	400.816724835946	-0.718773518135899	0.234526422644808	-3.0647869439619	0.00217825109228828	0.00725472258526327	FALSE
NGO_1747	617.632612872756	0.56841917724198	0.22458903231427	2.53093025685504	0.0113760466020105	0.0285212452050406	FALSE
NGO_1729	635.822596802455	-0.988663696666173	0.269934768960217	-3.66260226674202	0.000249666028554931	0.00111573914455904	FALSE
NGO_1725	746.263572729486	-0.439745083024319	0.129086606920552	-3.40658952554981	0.000657799734312717	0.00266830558893005	FALSE
NGO_1722	2194.52121882978	1.08768882694612	0.165715609224618	6.56358705154817	5.25285455696817e-11	1.45789752791643e-09	TRUE
NGO_1721	1240.45520862148	0.346315244424823	0.105464834413706	3.28370348609599	0.00102452652783964	0.00384988353216701	FALSE
NGO_1719	1143.554882582	0.64325869196719	0.157756016711047	4.07755409510251	4.55119432668436e-05	0.000253520754394882	FALSE
NGO_1717	3764.9848813908	-1.79632991812786	0.172291586832408	-10.4261035094836	1.8845883002399e-25	5.96283738195903e-23	TRUE
NGO_1714	3479.57074152704	-0.477466804201456	0.160153103347011	-2.98131471837238	0.00287013665309945	0.00911655033931636	FALSE
NGO_1713	3180.42422855492	0.390438374683579	0.164039965596372	2.38014177376915	0.0173059783636091	0.0408018744727715	FALSE
NGO_1710	2520.67624089751	0.559386369632673	0.168182106177721	3.32607542113641	0.0008807809247568	0.00341869987856991	FALSE
NGO_1709	1020.73636889774	-1.16907555977132	0.179866489683778	-6.49968519331565	8.04882626101955e-11	2.02114970554491e-09	TRUE
NGO_1708	1664.8201097275	-0.489261477374212	0.190814656180754	-2.56406655110783	0.0103453705949431	0.0264945100657201	FALSE
NGO_1707	1064.76211895241	-0.777357659927061	0.179121327980057	-4.33983863727053	1.42587379902452e-05	9.35988526994517e-05	FALSE
NGO_1706	1222.35913811599	-0.883395676879115	0.194612198305251	-4.5392615908562	5.6451567350866e-06	4.05938088859409e-05	FALSE
NGO_1703	982.447964475903	1.64431522461239	0.295670810440768	5.56130387765076	2.6776647990626e-08	3.23363794818094e-07	TRUE
NGO_1701	5985.99147395994	-0.769126101184779	0.246130539162529	-3.12487066335518	0.0017788325336523	0.00609115382735486	FALSE
NGO_0642	498.690448765899	0.585281898894392	0.201898115597493	2.89889728372313	0.00374477551999013	0.0113274089342723	FALSE
NGO_0641	661.981950431991	1.58520975808689	0.254938263048395	6.2180142718944	5.03485775555599e-10	1.00824619864425e-08	TRUE
NGO_0640	1359.7584599773	0.68157485342467	0.206107905052434	3.30688361152997	0.000943400803953572	0.00361370477446623	FALSE
NGO_0637	1504.98880666809	2.0852088603787	0.320642808628166	6.50321418184936	7.86217287236825e-11	2.00612217485267e-09	TRUE
NGO_0636	6438.31780329108	1.42239553676732	0.32935154771506	4.31877592996136	1.56896974151226e-05	0.000102566534341834	TRUE
NGO_0635	850.968363790544	3.13874443153205	0.281124795424862	11.1649505223774	6.05248901752082e-29	3.19167920857265e-26	TRUE
NGO_0633	1816.4342145288	1.03511547128198	0.270230560582511	3.83049004172836	0.000127888309308396	0.000640250966221147	TRUE
NGO_0632	1698.93262340887	1.03893878952237	0.288972020984868	3.59529198010755	0.000324027955800383	0.00140057985266723	TRUE
NGO_0630	713.434538177282	2.11676107848851	0.266880235711081	7.93150183208048	2.16511404395916e-15	1.55691382615608e-13	TRUE
NGO_0629	13244.9663380643	0.301464336299683	0.102100680409863	2.95261828902133	0.00315091321993481	0.00983184361723248	FALSE
NGO_0617	8354.79194164391	-0.83118528614557	0.333710260126727	-2.49073937921455	0.0127477590159378	0.0315601795981434	FALSE
NGO_0610	946.868900866533	-0.445896091252049	0.174093835930077	-2.56123997078873	0.0104299285810301	0.0266399796656374	FALSE
NGO_0606	2720.06832018433	1.54708390640359	0.228260201532738	6.77772075909476	1.22086521666248e-11	3.94165055665315e-10	TRUE
NGO_0604	79806.8078370585	0.607714220019307	0.186197495329613	3.26381522449327	0.00109922828403681	0.00407255069167737	FALSE
NGO_0602	95.1820454275562	-2.55211331213204	0.363420214338634	-7.0224858481702	2.17955086837578e-12	8.62012368442621e-11	TRUE
NGO_0600	378.805325351493	0.908254111333749	0.227537130656922	3.99167427624463	6.56084468283692e-05	0.000347132317332709	FALSE
NGO_0598	4735.63912572922	-0.356846985025786	0.133260529536469	-2.67781455069281	0.00741042351304438	0.0200056143304372	FALSE
NGO_0597	1485.66958294517	-0.399339528692893	0.141253453115152	-2.82711339005175	0.00469696929959777	0.0136091674578089	FALSE
NGO_0596	3834.09797738423	0.339276183905959	0.135909235840242	2.49634384159712	0.0125480904127673	0.0312123884166632	FALSE
NGO_0594	4377.83931298924	0.541990440507239	0.162432874676632	3.33670410984367	0.000847781524070995	0.00331158116316127	FALSE
NGO_0590	6478.64311395666	0.67117225894197	0.125696677703723	5.33961812836435	9.31425636348718e-08	1.03768687091808e-06	FALSE
NGO_0588	2456.4213899085	0.44223595852874	0.160101066798191	2.76222992996157	0.0057408034006339	0.0162758978132667	FALSE
NGO_0586	1015.87181701354	-0.876976626793289	0.176500646142651	-4.96868791111676	6.74074579878625e-07	6.16408084027737e-06	FALSE
NGO_0585	371.022337353872	-0.725484837967417	0.246080588536724	-2.94815955326419	0.00319672027769839	0.00993521844379171	FALSE
NGO_0583	5629.66256908656	1.08125398353609	0.18498232409802	5.84517460686218	5.0603719124134e-09	7.55236638248868e-08	TRUE
NGO_0581	11086.9242945743	0.655294424165216	0.162084681559987	4.04291397470952	5.27909931538639e-05	0.000286011476607578	FALSE
NGO_0574	4771.71937449856	-0.899937953886095	0.20380160923453	-4.41575489647124	1.00658088875836e-05	6.95375967692454e-05	FALSE
NGO_0573	2037.53509710871	0.695066836649955	0.172032627876303	4.04031982322407	5.33783599020842e-05	0.000288206707730707	FALSE
NGO_0566	6971.95899052576	-0.419361193859436	0.13268716334309	-3.16052573054933	0.00157484694685039	0.00546361374981866	FALSE
NGO_0554	1587.13865041562	-0.821917716871151	0.354302733123333	-2.31981760238084	0.0203507464432752	0.0467035534205909	FALSE
NGO_0548	1381.22720362337	-0.440243221450348	0.155288102073027	-2.83500935083433	0.00458243443819977	0.0133752975668488	FALSE
NGO_0547	2123.94222810623	0.544767104003771	0.0911138921376219	5.97896864268441	2.24554773771545e-09	3.77920906496366e-08	FALSE
NGO_0545	1857.02865615997	1.86196006566802	0.198726642895152	9.36945363008216	7.29089579915119e-21	9.61183096188099e-19	TRUE
NGO_0544	499.062536476926	1.06155131683769	0.162602610960827	6.52850105275016	6.64311453780639e-11	1.75156786646828e-09	TRUE
NGO_0543	1226.52567446521	0.526119072661573	0.162164172405388	3.24436072936226	0.00117714566230693	0.00431075101335546	FALSE
NGO_0537a	2664.5798915975	0.520259088435758	0.167592871214524	3.10430321209672	0.00190727758133285	0.0064472502856166	FALSE
NGO_0537	570.050678700036	-0.687457362562962	0.191532934853637	-3.58923838914854	0.000331645462929467	0.00142571500639787	FALSE
NGO_0534	289.335046716844	-0.57953704092035	0.181823928766426	-3.1873529785226	0.00143581432734896	0.00508140570601634	FALSE
NGO_0532	327.390859077131	0.558444928530832	0.187541778423287	2.97770946413021	0.00290411129210787	0.00917026759304322	FALSE
NGO_0529	551.818046149449	-0.365699394334724	0.142633295518184	-2.56391323643014	0.0103499413531068	0.0264945100657201	FALSE
NGO_0524	930.588507040776	-0.945232312552502	0.182144752113695	-5.18945674571226	2.1090848709655e-07	2.20965050719696e-06	FALSE
NGO_0523	4153.7797124331	0.847433377542969	0.29356879561255	2.88666026569597	0.00389354395962321	0.0116830242824098	FALSE
NGO_0511	75.3369363255768	-1.10921843475694	0.29377883912699	-3.77569207521261	0.000159564011721354	0.000779105760935747	TRUE
NGO_0509	3330.25575781928	-1.02036445026097	0.204647715223739	-4.98595573933193	6.16562592417444e-07	5.73765894826116e-06	TRUE
NGO_0494	66.0706404765234	1.21583430234058	0.353663970036935	3.43782348598758	0.000586409822715231	0.00238483377772621	TRUE
NGO_0489	15.3832700030139	2.94109187872266	0.620331427452601	4.74116214101918	2.12495783766744e-06	1.75087671832807e-05	TRUE
NGO_1134	1523.39715110057	0.707412616733272	0.173681922190773	4.07303539602842	4.64043687246945e-05	0.00025668430532331	FALSE
NGO_1273	371.26953818076	-0.662769097651402	0.247136943244785	-2.68178884528381	0.00732296656104689	0.0198712403080209	FALSE
NGO_1274	685.34964003058	-0.662281427252365	0.151838815916535	-4.36173993622564	1.29032189051956e-05	8.68633715234869e-05	FALSE
NGO_1275	1770.24388767856	0.871301951638105	0.306560955501704	2.84218174559174	0.00448059409679821	0.0131752785522951	FALSE
NGO_1814	204.817701135787	-1.12998085978305	0.459747346364844	-2.45783008584528	0.0139779290315706	0.0340725481170179	TRUE
NGO_1812	276671.297249798	-0.533358141927069	0.197008110983381	-2.70729026974966	0.00678349171789759	0.0186310484335312	FALSE
NGO_1810	732.606952656622	0.571224100450845	0.176603035693105	3.23450895512067	0.0012185209934183	0.00440114203558847	FALSE
NGO_1809	9613.01025552639	-0.54424969453625	0.154887848733881	-3.51383080716259	0.000441694051153039	0.00184369390217443	FALSE
NGO_1804	1150.1902079752	-0.767136345650583	0.260941904587656	-2.93987409520453	0.00328345638535887	0.0100667209334065	FALSE
NGO_1803	2045.21751659081	0.393296406300699	0.163243596113233	2.40926085717869	0.0159848681438246	0.0380844298245941	FALSE
NGO_1801	10909.5629467074	-0.391758533800227	0.116598373647812	-3.35989706840629	0.000779715166462023	0.00308308604945541	FALSE
NGO_1800	4657.14389345686	0.659996180550202	0.160686900052718	4.10734279106556	4.00237014136009e-05	0.000226944428804002	FALSE
NGO_1799	5461.50429110579	0.807374428116053	0.11664954919378	6.92136775235053	4.47303601677971e-12	1.572520661899e-10	FALSE
NGO_1797	5346.89053101017	0.742513075247061	0.154006824630219	4.8212998159652	1.42625803700442e-06	1.21964335921135e-05	FALSE
NGO_1791	781.584240955675	-0.547672305255105	0.203131197372088	-2.69615062747797	0.00701459389249499	0.0191329095481501	FALSE
NGO_1790	1829.8163104199	-0.465315669777999	0.176841542562968	-2.63125769564193	0.00850695044953397	0.0224299926852712	FALSE
NGO_1789	281.629115196331	1.4312925055057	0.182243875369313	7.85372074976578	4.03872982263541e-15	2.66219607475384e-13	TRUE
NGO_1785	14182.7161022025	0.774198633876158	0.233981166990506	3.30880747298594	0.000936942422514645	0.00359767697188876	FALSE
NGO_1781	1354.01933921219	-0.794934944274692	0.216064956355738	-3.67914796403114	0.000234014473895917	0.00106870253508786	FALSE
NGO_1780	532.720849487251	-0.835092737262592	0.327315609660585	-2.55133795216352	0.0107310213885691	0.0272580383879787	FALSE
NGO_1778	904.234398368092	1.22456358424868	0.245834759986034	4.98124668911038	6.31759423642855e-07	5.84469829358477e-06	TRUE
NGO_1776	1612.85471288979	0.665137985633	0.248701856347275	2.67443916745131	0.00748543552344351	0.0201736950563673	FALSE
NGO_1773	1707.9166705131	0.411180959899239	0.15061079395849	2.73008958449926	0.0063317117041708	0.0175118320209759	FALSE
NGO_1771	327.949405484686	-0.514190718929268	0.172642889309112	-2.97834866519539	0.00289806104396109	0.00916946514309289	FALSE
NGO_1769	4073.15820066633	-3.80794545087973	0.481808424049456	-7.90344307157416	2.71303091835515e-15	1.86609344036428e-13	TRUE
NGO_1768	305.701835897895	0.62218731896601	0.189082815696065	3.29055454709393	0.000999901137285571	0.00378431483058797	FALSE
NGO_1761	1189.83079518876	-1.43905151730087	0.222895949761849	-6.45615821569844	1.07394332911143e-10	2.49849756860925e-09	TRUE
NGO_1759	15.6626020395247	1.26780190459524	0.484119913963816	2.61877660477729	0.00882457162784491	0.0229991306676288	TRUE
NGO_2068	253.252553984385	1.25216186902598	0.30113082890929	4.1581988584874	3.20766735024848e-05	0.000191491688607287	TRUE
NGO_2076	332.209212585854	-0.719844405267413	0.174581126209152	-4.12326590450004	3.73538066394585e-05	0.000216619857904607	FALSE
NGO_2083	3167.96840227263	-1.15362856296616	0.23207005011748	-4.97103595393787	6.65960969262708e-07	6.12529217077677e-06	TRUE
NGO_2084	7973.34985296097	-0.892831415885665	0.231489439133769	-3.85689912778151	0.00011483452285964	0.000580409633111664	FALSE
NGO_2090	377.370549084465	0.935248872951285	0.295678299769117	3.16306226625891	0.00156118936314296	0.0054281353241586	FALSE
NGO_2102	1031.02663362287	-0.625880789632397	0.145656985320375	-4.29695004503739	1.73164199547749e-05	0.000111814597422261	FALSE
NGO_2104	509.506904436086	-0.844054020790605	0.222405083427149	-3.79512018243542	0.000147571953586611	0.00072955884554381	FALSE
NGO_2105	12677.7292015545	0.456893235555226	0.18496793843362	2.47012125141456	0.0135067262396226	0.0331281254435395	FALSE
NGO_2112	9032.35198363937	0.903392101268536	0.146393203243919	6.17099756853679	6.78604659812323e-10	1.3092104534428e-08	FALSE
NGO_2113	2143.73040579452	-2.61605337977641	0.2488737951515	-10.5115662265041	7.64138166414504e-26	3.02216644816936e-23	TRUE
NGO_2116	4265.87680655233	-0.433447515281333	0.152432860897295	-2.84353067133849	0.00446167149093448	0.0131440675952669	FALSE
NGO_2122	875.654588414863	-0.615832860418014	0.212697032380036	-2.89535238704072	0.00378733108595793	0.0114124910056866	FALSE
NGO_2125	94.7800422563467	-1.67782172258148	0.329116536951607	-5.097956298769	3.43340053193315e-07	3.37368921833432e-06	TRUE
NGO_2127	834.848359756684	-0.635244347229996	0.227219383656855	-2.79573131924931	0.00517824299011626	0.0147869682497544	FALSE
NGO_2128	1254.76955052805	-0.372729576956805	0.159659228482208	-2.33453199354737	0.0195678828289455	0.0453241444149221	FALSE
NGO_2130	2499.8846308638	-1.00294885109329	0.272249113317107	-3.68393798926752	0.000229658133860683	0.00105616037141744	TRUE
NGO_2133	1000.14261537044	-0.69870555621499	0.154298001849056	-4.52828648357034	5.94639260279853e-06	4.25664846046483e-05	FALSE
NGO_2134	16040.7707576765	0.92401742947065	0.292022265990385	3.16420197047945	0.00155508838507835	0.00542474740850732	FALSE
NGO_2135	1588.81834772035	-0.387266022275018	0.131475396548162	-2.94553986861835	0.00322391596649034	0.00994197867249069	FALSE
NGO_2137	1062.41673173808	0.686638361172672	0.118357357153242	5.80139991030428	6.57635471766523e-09	9.54476437004257e-08	FALSE
NGO_2138	334.056045915928	0.916037821486056	0.344872014837425	2.65616745365054	0.00790343581633212	0.0210138411116595	FALSE
NGO_2139	10630.8446234746	-0.992569682124499	0.187185087534835	-5.30261088207564	1.14158083850511e-07	1.25415339341326e-06	FALSE
NGO_2141	2363.3702328134	-0.962907092360905	0.148051619352521	-6.50386058978629	7.82844509906048e-11	2.00612217485267e-09	FALSE
NGO_2145	18288.2454569826	-0.63140215633365	0.2586273717593	-2.44135859262911	0.0146321174706099	0.0353404730358852	FALSE
NGO_2147	15374.2487154964	0.53227832955575	0.193158850151156	2.7556507462082	0.00585755056923909	0.0164794602816759	FALSE
NGO_2149	20489.4793882927	0.777078628393345	0.218820880092164	3.55120876977577	0.000383466113637974	0.00162250850309158	FALSE
NGO_2150	37413.1279315012	0.549311777295197	0.21637303518986	2.53872566335817	0.0111257026150325	0.0280268495811805	FALSE
NGO_2158	1526.12383797366	0.579543280413067	0.207503055729367	2.79293853469285	0.00522316156680562	0.0148883632408766	FALSE
NGO_2160	395.425042174239	-0.546782428323878	0.225456432070584	-2.42522434734838	0.0152989291453618	0.0366710695575188	FALSE
NGO_2161	2269.00230379155	0.53604190065411	0.227518509254545	2.35603644912421	0.0184711051821258	0.0430992454249602	FALSE
NGO_2162	554.641548475254	1.22052798958975	0.287120191488586	4.25093053630911	2.12884190912532e-05	0.00013471311600945	TRUE
NGO_2166	3146.52446111021	-1.28642144399933	0.19839160467005	-6.48425343470966	8.91722218518859e-11	2.1374311359043e-09	TRUE
NGO_2167	333.916684873199	0.847796317047397	0.224669915322387	3.77351954680208	0.000160960601891249	0.000783506683667555	FALSE
NGO_2168	4468.95563516357	-0.365367186070398	0.126737384268219	-2.8828682884693	0.00394072175875942	0.0117626826836932	FALSE
NGO_2180	384.689957773573	1.66157347197327	0.23979186140082	6.92923213601438	4.23130991195585e-12	1.52134824561685e-10	TRUE
NGO_2181	590.868857812706	0.698942678234115	0.212796073690998	3.28456566942609	0.00102139692247193	0.00384726174131092	FALSE
NGO_0001	8622.13559382748	0.502089977251283	0.132670234325869	3.78449604617441	0.000154020356028179	0.000759066053696508	FALSE
NGO_0011	1734.65003921346	-0.997050927099176	0.219180573115283	-4.54899315631754	5.39031958391924e-06	3.92971685795403e-05	FALSE
NGO_0016	7129.7465930739	0.885403588047727	0.328581145582546	2.69462688273846	0.0070467491256756	0.0191875337638878	FALSE
NGO_0017	1361.69481002143	-1.01298085279854	0.227274057860556	-4.45708965789686	8.30798619848719e-06	5.79505275256612e-05	TRUE
NGO_0019	1507.42891282661	-1.13445496690214	0.207833257707664	-5.45848618943293	4.80211208462418e-08	5.63413267064197e-07	TRUE
NGO_0022	18.467567690585	-1.31746358570066	0.447028915679472	-2.94715518278757	0.00320712212300455	0.00993521844379171	TRUE
NGO_0029	1453.138545071	-0.701230262286165	0.16419354757567	-4.27075407432193	1.94813138701992e-05	0.000124775054828563	FALSE
NGO_0034	6123.57122673029	-0.948991059308433	0.183560705176871	-5.16990310313979	2.34215403963513e-07	2.43108596861049e-06	FALSE
NGO_0035	491.696412454585	-0.450846552054472	0.192169338458043	-2.34608994167353	0.0189715288095975	0.0441367037893872	FALSE
NGO_0037	2187.08132538677	0.708560621573306	0.30601528699047	2.31544191318577	0.0205887599931662	0.0470006036207633	FALSE
NGO_0042	782.763087133436	0.837016282406111	0.197770599715707	4.23225840245877	2.31356379028688e-05	0.000142414704911823	FALSE
NGO_0043	1411.54783893334	0.506359888807426	0.218309322064523	2.31946068092213	0.0203700707080959	0.0467035534205909	FALSE
NGO_0047	3081.69446078462	0.353563627574006	0.123575047337079	2.86112475935033	0.00422140896114034	0.0125295853218087	FALSE
NGO_0050	878.208624024324	0.941195132854818	0.228803182485357	4.11355787376363	3.89607306732825e-05	0.00022331839103309	FALSE
NGO_0057	5597.43457974285	3.00844797132015	0.352258931856442	8.5404448241108	1.33706122972458e-17	1.17512825856905e-15	TRUE
NGO_0059	1066.89815399594	1.74853552606539	0.282844849144418	6.18195993794679	6.33105946809926e-10	1.23651062697939e-08	TRUE
NGO_0060	2453.42493941748	1.56100962797615	0.341059957474453	4.57693608928886	4.71835530548088e-06	3.52096136475036e-05	TRUE
NGO_0065	1331.83122058064	1.17930295546172	0.173701001533367	6.78926975118899	1.12702541785966e-11	3.71448793969579e-10	TRUE
NGO_0066a	5262.98287080907	1.10969083632505	0.298648046988794	3.71571435846921	0.000202630394177564	0.000951220426079838	TRUE
NGO_0068	3786.63836173748	0.674130904675139	0.11867879516422	5.68029784716232	1.34460386577928e-08	1.77263609638568e-07	FALSE
NGO_0071	948.490360298489	0.832829375800268	0.236505313119196	3.52139816571702	0.000429277513112832	0.00179660588821296	FALSE
NGO_0072	3608.40854268922	0.604081559529322	0.137686779651953	4.38736065333453	1.14734453762514e-05	7.82370283846108e-05	FALSE
NGO_0081	1122.29921824405	0.490000531149164	0.149717606035823	3.27283172716454	0.00106475846676041	0.00396340681038816	FALSE
NGO_0084	721.414102612882	-0.718720078238576	0.163610502494096	-4.39287250685213	1.11862733298172e-05	7.66090234102634e-05	FALSE
NGO_0086	568.823598211251	0.656542433597191	0.217139424748781	3.02359847529658	0.00249787719610068	0.00813095004985858	FALSE
NGO_0097	6188.65188474986	-0.46987757905695	0.188605020840971	-2.49133123265654	0.0127265412400495	0.0315570348616902	FALSE
NGO_0098	23372.1000142369	-0.450412591096246	0.163579082888353	-2.75348524483209	0.00589644280787066	0.0165100398620378	FALSE
NGO_0100	974.619274169217	-0.729075962387994	0.272092637546908	-2.67951374561652	0.00737291760664602	0.0199725268043048	FALSE
NGO_0101	4518.49421355619	-1.08434372112103	0.169621620645641	-6.39272114600501	1.62959290699575e-10	3.63100842093983e-09	TRUE
NGO_0102	4238.22477377967	0.617478667362802	0.113764470794547	5.42769340067461	5.70869941446407e-08	6.59208939684829e-07	FALSE
NGO_0105	520.03949847528	-0.923902499021005	0.283150769780927	-3.26293479525351	0.00110264886460173	0.00407567874719611	FALSE
NGO_0107	2058.8537438107	-0.329751511024725	0.12914078810627	-2.55342650343262	0.0106668788313253	0.0271739167651475	FALSE
NGO_0110	338.072141572948	0.940390955753132	0.303947146781307	3.09392921009965	0.00197524610653785	0.0066627704489187	FALSE
NGO_0113	2997.26998156803	-0.739486481243365	0.201031442508036	-3.67846179690923	0.000234644828619315	0.00106870253508786	FALSE
NGO_0116	11645.7216796949	-1.17154566696362	0.303610718375147	-3.85870984144912	0.000113987172344691	0.000577973418747761	TRUE
NGO_0118	1083.59308517901	-0.833092609104813	0.18653955808162	-4.46603721844508	7.96817538107116e-06	5.61313948991293e-05	FALSE
NGO_0121	259.632175014416	-1.06440022191206	0.229807998915265	-4.63169353084409	3.62686751753387e-06	2.82645537573329e-05	TRUE
NGO_0124	212.985825786903	-1.01135032238885	0.394921455743229	-2.56088978626274	0.0104404471508819	0.0266399796656374	TRUE
NGO_0125	41.7978679047713	-1.03750764485322	0.451294090634103	-2.29896129017653	0.0215071375273797	0.0487306881098567	TRUE
NGO_0127	740.943297313115	-0.706004240505933	0.170283434530263	-4.14605356330453	3.38254730327602e-05	0.000198928990103445	FALSE
NGO_0129	1770.6651234183	0.571936086624272	0.176358421541976	3.24303246549608	0.00118264734254781	0.00432089629540564	FALSE
NGO_0132	805.64631100056	0.557877492415401	0.202376749699798	2.75662838366041	0.00584006816055346	0.0164687840106873	FALSE
NGO_0135	795.060180878067	0.75381292455353	0.154402219866492	4.88213786825951	1.04941840837173e-06	9.17226476267445e-06	FALSE
NGO_0138	2722.89969886826	-0.736391240729342	0.137900252833362	-5.34002821314036	9.29321179565194e-08	1.03768687091808e-06	FALSE
NGO_0140	170.481894381814	-0.875318846375408	0.29624247628177	-2.95473781262499	0.00312934869271434	0.00982267784102	FALSE
NGO_0142	13216.0982663525	-1.36915436763157	0.218091706909718	-6.2778836803655	3.43212521377277e-10	7.33732714620071e-09	TRUE
NGO_0146	4847.09152231238	0.546447665066957	0.162494959572827	3.36285917116124	0.000771397051470196	0.00307392981215579	FALSE
NGO_0146a	571.311693422221	0.859126828108212	0.26322426655959	3.26385875944199	0.00109905940005072	0.00407255069167737	FALSE
NGO_0151	2212.61508234691	0.538024916076492	0.205503727962744	2.61807861789268	0.00884264297223731	0.0230083243126306	FALSE
NGO_0153	522.1921380934	0.561787708834596	0.21743109096637	2.58375058662372	0.00977324416349563	0.0251402801083741	FALSE
NGO_0154	674.186326562112	1.07062786000196	0.172177359775601	6.21816864538582	5.02990794860113e-10	1.00824619864425e-08	TRUE
NGO_0156	6230.40443488837	1.02251010400669	0.177981445882967	5.74503762981589	9.19005466503484e-09	1.26423186783349e-07	TRUE
NGO_0158	7235.81032120862	0.762049281396923	0.244880227820882	3.11192654538988	0.00185870741109414	0.00632091770112179	FALSE
NGO_0165	106.150770094635	-0.837918243958778	0.297500745551919	-2.81652485409502	0.00485462866268295	0.0139321060741293	FALSE
NGO_0168	1138.79481777804	-0.853636279833561	0.367481246190834	-2.32293835041113	0.020182464538285	0.04661118087528	FALSE
NGO_0170	1141.58058940265	-0.598427462748695	0.23667299302836	-2.52849915443029	0.0114551362376213	0.0286740910251849	FALSE
NGO_0171	10822.4388501488	0.846894704704478	0.198469622623414	4.26712508196489	1.98008150983576e-05	0.000126310038248394	FALSE
NGO_0172	11458.5861731375	1.34554932832737	0.20729772176656	6.49090263443706	8.53236108546623e-11	2.07664542110886e-09	TRUE
NGO_0173	10197.0907000646	0.766166809660972	0.201744118715524	3.79771571304803	0.000146035673378818	0.000724227069859845	FALSE
NGO_0176	1872.85510625718	1.0410954120471	0.229025818405016	4.5457556676252	5.47385065842257e-06	3.95416974503402e-05	TRUE
NGO_0181	580.248776460399	0.723824216661328	0.23505551986741	3.07937553251089	0.00207435027152065	0.00695258925751201	FALSE
NGO_0182	1395.24473226554	0.536000340761814	0.188773438962304	2.8393843101457	0.00452006821458721	0.0132421257694018	FALSE
NGO_0186	24790.2961930908	-1.71766596456376	0.281645505395226	-6.09868054579251	1.06947557284827e-09	1.94472454740916e-08	TRUE
NGO_1259	3080.33071387458	-0.652260114744966	0.192141850869734	-3.39468008553314	0.000687088358332546	0.00276583659766434	FALSE
NGO_1258	3894.79407218799	-1.55731489906345	0.2118572372821	-7.35077507401742	1.9706078823178e-13	9.44697475705081e-12	TRUE
NGO_1252	1294.92447431291	0.40478848136796	0.130106604036954	3.11120626323463	0.00186324742061132	0.00632091770112179	FALSE
NGO_1249	8394.36358386192	-2.2484425222642	0.223594195687187	-10.0559073787846	8.65206681493632e-24	1.71094621265366e-21	TRUE
NGO_1248	248.214088247307	1.28104221383035	0.223063296419973	5.74295383593033	9.30390981188708e-09	1.26886080365563e-07	TRUE
NGO_1247	1339.67584591214	-1.23421769330153	0.225125799660956	-5.48234673751425	4.19720571235487e-08	4.99246574206422e-07	TRUE
NGO_1246	8414.73436569693	1.89469639009116	0.274481243660612	6.90282645481561	5.09778944860272e-12	1.75319628428033e-10	TRUE
NGO_1245	170.478267483174	-0.905022449683699	0.280943603707972	-3.22136698518479	0.00127580668387474	0.00456634880970551	FALSE
NGO_1244	69.7203509280241	-0.732762005440944	0.289876864969548	-2.52783886536762	0.0114767011418034	0.028682687529752	FALSE
NGO_1239	2573.71627118198	-0.814375555016086	0.221463025023132	-3.67725291809332	0.000235759255929333	0.00106870253508786	FALSE
NGO_1233	12784.22181559	-0.504215677564002	0.183276318310192	-2.75112290672832	0.00593913552911286	0.0166001985990398	FALSE
NGO_1229	1314.51972355729	0.517695975086391	0.156837906020951	3.30083452540636	0.000963977185237005	0.00366589400731957	FALSE
NGO_1226	1230.96895898462	1.03135644688149	0.225068943470603	4.58240231183296	4.59664461009863e-06	3.4628056062743e-05	TRUE
NGO_1220	899.824759599306	1.11135622380711	0.254925425424357	4.3595346441302	1.30339318996055e-05	8.73715265473556e-05	TRUE
NGO_1216	967.819801226777	0.523639992230125	0.169437458796925	3.09046179013886	0.00199845516144272	0.00672671503277102	FALSE
NGO_1215	9388.5130033835	-3.67106297979889	0.243506002531692	-15.0758623673809	2.33447711781386e-51	3.69314280038153e-48	TRUE
NGO_1212	7732.74032645281	-0.403958002394466	0.158632998846726	-2.54649414265172	0.0108811037608893	0.0275653718165645	FALSE
NGO_1208	385.448097501088	0.536599208209659	0.218688705959583	2.45371248531157	0.0141389978594119	0.0344121455593688	FALSE
NGO_1205	524.560607972262	0.968261859757786	0.267936659378194	3.61377148615965	0.000301775054659974	0.00132246021183402	FALSE
NGO_1203	1566.35583940832	-0.47632648648919	0.146655039216651	-3.24793807995593	0.00116244564748491	0.00426679585689356	FALSE
NGO_0187	325.686972258924	-0.884315733720331	0.192697186784804	-4.58914708862821	4.45060750014993e-06	3.36883304556803e-05	FALSE
NGO_0189	11722.4933571246	0.349026568805757	0.130664202021396	2.67117208390869	0.00755868853836642	0.0202332407236813	FALSE
NGO_0190	5570.02817801458	0.622487658830978	0.117854818174863	5.28181765048743	1.27908475337278e-07	1.38596717796968e-06	FALSE
NGO_0191	18815.1304031826	1.10229921419328	0.296808289978255	3.71384240741402	0.000204135943470001	0.000955452847838882	TRUE
NGO_0199	5554.70636101468	0.809717975520311	0.201578584733293	4.01688491161719	5.89725061382043e-05	0.00031625255834115	FALSE
NGO_0200	37897.4230731364	-0.348828479843666	0.135296331335363	-2.57825527418784	0.00993006099268553	0.0255022020948515	FALSE
NGO_0201	123.452719085364	0.830358972924595	0.271149526436441	3.06236556573606	0.00219595088862475	0.0072983073651352	FALSE
NGO_0204	480.930091795157	-0.576895188952978	0.191801177636316	-3.00777709533597	0.00263166087044903	0.00851388036206619	FALSE
NGO_0205	637.420916275955	-0.734032414853942	0.180059617598142	-4.07660765165102	4.56975038661133e-05	0.000253661231986636	FALSE
NGO_0207	2416.72229608619	0.848874055375301	0.279012430551245	3.04242378627426	0.00234681237463405	0.00771862198892113	FALSE
NGO_0208	4575.68891092391	-1.14020673003061	0.181288447800417	-6.28946159484957	3.1856890555305e-10	6.90378093951951e-09	TRUE
NGO_0209	2276.88785803167	0.427746425408025	0.150783138048735	2.83683196240266	0.00455635851734183	0.0133237692688258	FALSE
NGO_0210	446.767886611782	0.631594450796118	0.19578992891518	3.22587813528314	0.00125586817828818	0.00451541695011794	FALSE
NGO_0214	9613.64079700753	-0.579094807453724	0.194211136134976	-2.98177961870968	0.00286578210859457	0.00911655033931636	FALSE
NGO_0216	1655.71901333397	0.635410772126453	0.260188038127615	2.44212138536055	0.0146012362569879	0.0353198100283714	FALSE
NGO_0224	1055.00871832535	0.732399683102543	0.149866270376045	4.88702148431935	1.02372926269499e-06	8.99744274213038e-06	FALSE
NGO_0225	1784.80569330272	0.781041297310909	0.236711866013368	3.29954433829185	0.000968419282969688	0.00367395516944376	FALSE
NGO_0226	769.293119453932	-1.38741639580149	0.288113433376714	-4.81552137136006	1.46816048866631e-06	1.24872574896242e-05	TRUE
NGO_0229	477.866072046988	0.706680398895172	0.296246259048597	2.38544919069931	0.0170582785647355	0.0403984980380414	FALSE
NGO_0231	879.207515185551	0.784915068151967	0.140982516801065	5.56746386688168	2.58473653387456e-08	3.16980867952678e-07	FALSE
NGO_0233	6388.81147869541	-1.32111677814725	0.257904987444715	-5.12249410620817	3.01520523534209e-07	3.01902195082986e-06	TRUE
NGO_0234	780.504941403723	0.769053058558544	0.30307945150191	2.53746354214217	0.0111658997607678	0.0280833917671457	FALSE
NGO_0236	4834.55224593892	-0.475750439166063	0.144767110768292	-3.28631577048967	0.00101507149035629	0.00383256109246696	FALSE
NGO_0237	496.663842735215	-0.836863982066276	0.211577540138119	-3.95535358582942	7.64215397635625e-05	0.000399006191108765	FALSE
NGO_0240	15002.4057934539	-0.492117466206786	0.180793827931948	-2.72198156229106	0.00648917628297097	0.017853698921148	FALSE
NGO_0243	1724.71388708452	-0.691143667797978	0.135238339113226	-5.11056015867905	3.21205008064517e-07	3.17591451723791e-06	FALSE
NGO_0248	4943.16154869247	0.963353788726727	0.203364179709726	4.737086885713	2.16812227191209e-06	1.76802548152832e-05	FALSE
NGO_0250	1004.39816577965	-1.29651668601663	0.221365355116605	-5.85690875310493	4.71562041874593e-09	7.24282670141365e-08	TRUE
NGO_0255	695.268579491987	0.527608774584814	0.203618471994449	2.59116360817793	0.00956520050093592	0.0246451908672323	FALSE
NGO_0258	678.975141816034	1.07210598769534	0.363800852741403	2.94695842413931	0.00320916347963183	0.00993521844379171	TRUE
NGO_0259	1183.49810408641	0.782796984855646	0.265889492311031	2.94406889889409	0.00323927878255381	0.00996992029961114	FALSE
NGO_0260	779.675843217004	0.854365813468804	0.311147410439869	2.74585545243969	0.00603533485084466	0.0168393293369246	FALSE
NGO_0261	865.038126451714	0.722889793489853	0.237931629644693	3.03822486556056	0.00237976304145794	0.00781075753441173	FALSE
NGO_0262	507.602570741542	1.23851228365763	0.281044037959572	4.40682639151302	1.04896195943685e-05	7.21503399925692e-05	TRUE
NGO_0264	814.763614932935	0.766348025378199	0.180636997595596	4.24247543736235	2.21067743148399e-05	0.000137148693984615	FALSE
NGO_0267	687.246158504606	1.2371794797176	0.262494283689442	4.71316732055512	2.43895766669167e-06	1.95859443081534e-05	TRUE
NGO_0271	1438.28428832029	0.870024483374304	0.204733949761778	4.24953694483323	2.14212877845265e-05	0.00013501385368574	FALSE
NGO_272a	93.6810697826785	-0.616523650219343	0.230741341981425	-2.67192539024487	0.00754174147728606	0.0202220932492653	FALSE
NGO_0274	3911.58887531082	-0.518340606003159	0.160207062596703	-3.23544166906051	0.00121454698641331	0.00439682684783948	FALSE
NGO_0277	4689.76411019634	-0.624596266525471	0.163318291062457	-3.82441098582529	0.000131085094350618	0.000654184918809707	FALSE
NGO_0278	2329.38948768676	0.851340090245328	0.139340428546702	6.10978521542289	9.97653132414863e-10	1.8352177389306e-08	FALSE
NGO_0282	769.951828645234	-0.979283169376172	0.153062769093057	-6.39791880924879	1.57508995687588e-10	3.61129320547484e-09	FALSE
NGO_0284	1951.6870364106	-1.08282965010087	0.191462029420054	-5.65558431288337	1.5531696138533e-08	2.03067299926936e-07	TRUE
NGO_0292	550.286752134668	-0.777092830165763	0.339240427684895	-2.290684619958	0.0219816607916013	0.0495370190488793	FALSE
NGO_0295	22074.5737869921	1.23027877303324	0.159107754834736	7.73236209832209	1.0556915245377e-14	6.18557034006907e-13	TRUE
NGO_0296	7579.44942561379	1.27302238276029	0.189492561583753	6.71805991813367	1.84159971017848e-11	5.71257008137718e-10	TRUE
NGO_0297	5549.27485522323	0.872764314582123	0.331852192087266	2.62997905511082	0.00853901288915107	0.0224397315459086	FALSE
NGO_0299	2106.42149167811	0.578437557472089	0.193570283990916	2.98825597372805	0.00280574457156984	0.00898519820288156	FALSE
NGO_0300	208.543353388085	1.29509003166482	0.319722764041446	4.05066569328462	5.1072130173263e-05	0.000277649862316502	TRUE
NGO_0303	1356.20310864587	1.00709456260542	0.245806111653963	4.09710953006399	4.18340991231577e-05	0.000236362660045841	TRUE
NGO_0312	1666.69629425068	-0.473687009205543	0.13341549023588	-3.55046485507836	0.000384551476379424	0.00162250850309158	FALSE
NGO_0313	2221.83156776298	-0.883151982805181	0.207233161270589	-4.26163446714027	2.0293718689718e-05	0.000128934389426241	FALSE
NGO_0316	871.30505677945	0.58020383040434	0.162711646619543	3.56584081384776	0.000362691483401137	0.00154241378156075	FALSE
NGO_0317	717.934026966828	0.60773489824476	0.182503810594045	3.32998470698557	0.000868507540960901	0.00338418455615799	FALSE
NGO_0319	145.776521284548	-0.948558476486707	0.355978648376701	-2.66464991878651	0.00770685058861367	0.0205949959986264	FALSE
NGO_0321	1738.28236137877	-0.429007910269454	0.123707369257779	-3.46792525654228	0.000524493148006201	0.0021496066325021	FALSE
NGO_0327	677.943780265506	-0.905872069280738	0.218460531271744	-4.14661661768972	3.37424354739462e-05	0.000198928990103445	FALSE
NGO_0328	571.149780027832	-1.84765788942216	0.260596615795117	-7.09010699845314	1.34008349313988e-12	5.5866812057115e-11	TRUE
NGO_0329a	1067.12320671873	-1.16051097955079	0.505913099631614	-2.29389391260244	0.0217965931728784	0.0492603005707051	TRUE
NGO_0332	1964.97592679489	-1.07670550211728	0.263002378719197	-4.09390024288281	4.24176867921942e-05	0.000238807048061392	TRUE
NGO_0333	3402.93851678167	-0.828152968933872	0.19651141719017	-4.21427406496408	2.5058285517538e-05	0.000152470029572096	FALSE
NGO_0336	184.564351428149	-0.843851645428855	0.275862142631367	-3.05896139781851	0.00222105767118792	0.00736627512750377	FALSE
NGO_0337	45.3423672069068	-1.10140599421818	0.467424690428482	-2.35632823163136	0.0184566012507915	0.0430992454249602	TRUE
NGO_0344	7326.84830716426	0.308129771678508	0.121208819978005	2.54213985198785	0.01101760797373	0.0278432201508641	FALSE
NGO_0346	14171.8052420884	-0.629077501568624	0.167584201299039	-3.75379956280063	0.000174174156227653	0.000842640719119716	FALSE
NGO_0349	4738.72315776647	0.557153319392046	0.149055805392217	3.73788406245556	0.000185575480506928	0.000884278343861326	FALSE
NGO_0353	1152.93996100907	-0.974247450241473	0.198488817876354	-4.90832410946376	9.18579598614109e-07	8.2101295198165e-06	FALSE
NGO_0356	827.929241073063	0.980940808384752	0.244368375799431	4.01418884573621	5.96505752403555e-05	0.000318808141994062	FALSE
NGO_0364	784.291722782592	1.2306073741539	0.263684707623986	4.66696527547114	3.05680966038007e-06	2.42214589251968e-05	TRUE
NGO_0365	1297.3912965945	1.41837132448349	0.216376415676851	6.55511054680641	5.56006725485462e-11	1.51655627537586e-09	TRUE
