ID	baseMean	log2FoldChange	lfcSE	stat	pvalue	padj	Significant
NGO_0375	4040.19341754432	0.8817935230023	0.283180045735935	3.11389709931953	0.00184633869967323	0.0313854202872575	FALSE
NGO_0704	2631.48754540356	-1.04074397738292	0.325250772779352	-3.1998201525841	0.00137513366684243	0.0257395104154224	TRUE
NGO_0714	11438.8861011242	-0.6903728809058	0.167085209947456	-4.13186110920832	3.59837836850997e-05	0.00167430428793611	FALSE
NGO_0738	379.454101858056	-0.652706626141026	0.218395611435318	-2.98864350730938	0.00280218871750482	0.0438917084266596	FALSE
NGO_0769	4309.63139260829	-0.45155001977573	0.126319259496752	-3.57467278999796	0.000350666167597016	0.00954774531215632	FALSE
NGO_1603	273.569722384779	0.558392149989664	0.157275078614122	3.55041723653937	0.000384621048942265	0.00981404031333329	FALSE
NGO_1600	7963.99204297485	1.09893771543628	0.248854919843818	4.41597745435765	1.00554565312762e-05	0.000611835855095347	TRUE
NGO_0646	1549.58766658409	0.671353435681941	0.187906366988172	3.57280834302012	0.000353173249016431	0.00954774531215632	FALSE
NGO_0655	1897.6107255322	1.73197587135681	0.310433475912311	5.57921746766139	2.41603029484131e-08	3.18513327203246e-06	TRUE
NGO_0656	4239.50706081593	2.44328219101274	0.355009142030443	6.8823078105499	5.8890589109582e-12	1.86329823942717e-09	TRUE
NGO_0674	7159.78443700739	1.0059419852156	0.163529337895077	6.15144657321996	7.67793913592355e-10	1.51831246412888e-07	TRUE
NGO_0675	1275.79351550961	1.0493912683451	0.233316545509577	4.49771475080419	6.8687767674318e-06	0.000472452384612048	TRUE
NGO_0676	3078.76632715838	0.958229805259142	0.198146000344283	4.83597853902777	1.3249221695001e-06	0.00011644593734162	FALSE
NGO_0677	1551.51801894901	1.02869967687408	0.18868731782623	5.4518750317997	4.98414777881626e-08	5.63208699006237e-06	TRUE
NGO_0679	7047.51591408887	0.409262834340857	0.128019108586808	3.19688864309926	0.00138918544963619	0.0257395104154224	FALSE
NGO_0680	2758.73935865938	0.45557921179195	0.140048504855084	3.25301017860463	0.0011418940676842	0.0233525306274872	FALSE
NGO_0687	2954.5599854519	0.544287648368967	0.16854834607833	3.22926721639865	0.00124107872114742	0.023943738254332	FALSE
NGO_1909	13684.0300092738	0.549744914111609	0.162591023400699	3.38115169345349	0.000721826816691974	0.0165497104928508	FALSE
NGO_1916	966.538209551094	-0.354157804667517	0.115440905126307	-3.06787099668029	0.0021558966484923	0.0355273801866127	FALSE
NGO_1919	7633.60219089054	0.693162826024208	0.192521530096834	3.60044315913946	0.000317675272854428	0.00913749603010373	FALSE
NGO_1944	375.94965310482	0.99840290460887	0.269116081815903	3.70993401015648	0.000207313277225717	0.00643077656021735	FALSE
NGO_1945	487.347894337926	1.39444676129961	0.247741052709573	5.62864630648974	1.81629404339693e-08	2.87337717665395e-06	TRUE
NGO_1946	1371.67178197307	1.46835718871726	0.219875642191002	6.67812575365547	2.42017333540705e-11	6.38119036102325e-09	TRUE
NGO_1948	2511.06579197637	2.2629870788523	0.31108677065814	7.27445617203422	3.47818774915374e-13	2.75124650958061e-10	TRUE
NGO_1182	4866.17123433079	1.80759744844439	0.37810504336584	4.78067531803703	1.74707325543302e-06	0.000145466836320792	TRUE
NGO_1655	9689.7372161654	-0.395421665706154	0.132576373363341	-2.9825952820602	0.00285815667198785	0.0443294495596547	FALSE
NGO_1665	6505.80093413825	0.77307830130759	0.203887009220769	3.79169964904678	0.000149619797643208	0.00494319676239442	FALSE
NGO_1682	590.978586270846	-0.477136907204482	0.157691217060321	-3.02576716762839	0.00248003195599652	0.0396304096402676	FALSE
NGO_1695	2802.48630438026	0.667987077983528	0.175080978947364	3.81530353553912	0.000136015636460901	0.00489038038366241	FALSE
NGO_1055	803.834490592476	1.05578204556237	0.248876436589959	4.24219367662293	2.21345544445045e-05	0.00109427703535019	TRUE
NGO_1049	332.574036922334	1.06418741244936	0.298385293015937	3.56648748231879	0.000361798083303144	0.00954774531215632	TRUE
NGO_1029	3456.09840411138	1.61241903068051	0.371190974169585	4.34390689129163	1.39970858570864e-05	0.000738112994197021	TRUE
NGO_1028	6171.96165433901	0.633692319073381	0.135777930135672	4.6671231358453	3.05446292755497e-06	0.000230102873875807	FALSE
NGO_1024	12337.9994645851	-1.12040038126938	0.17068887311606	-6.56399190419143	5.23860470268504e-11	1.18392466280682e-08	TRUE
NGO_0995	1146.52182143065	-0.513546408448102	0.129915734648392	-3.95291925060486	7.72034962717809e-05	0.00330097111086371	FALSE
NGO_0956	4076.05978848914	0.66626605754725	0.197731440215105	3.36955042062327	0.000752909151580878	0.0167760884197317	FALSE
NGO_0930	369.452312664342	1.7557501710065	0.316797199582991	5.54218968260339	2.98712466838494e-08	3.63510094260383e-06	TRUE
NGO_0929	5669.30398027014	1.28845691428387	0.230403798118452	5.59216872640905	2.24250736624947e-08	3.18513327203246e-06	TRUE
NGO_0926	35039.0109243586	0.672992277086309	0.202813579592759	3.31828015874307	0.000905735891453619	0.0193631645983733	FALSE
NGO_0918	13907.1398969551	0.70007678084986	0.18466336695575	3.79109724029681	0.000149983214029666	0.00494319676239442	FALSE
NGO_0903	687.822009724663	-0.445769083618558	0.121461539974752	-3.67004307463266	0.000242509599680649	0.00737788820566897	FALSE
NGO_0850	995.476898970809	1.11815845220971	0.213980833391121	5.22550751153444	1.73678069509954e-07	1.83172470643165e-05	TRUE
NGO_0846	944.648934315529	0.641406784132252	0.189929926378296	3.37707067213158	0.000732622239652891	0.0165572626161553	FALSE
NGO_0845	1207.20938601185	0.625160771525739	0.203559278899174	3.07114848758819	0.00213237077465486	0.0355095849000419	FALSE
NGO_0844	1236.88379151819	1.63299093014813	0.328151760945608	4.97632840805874	6.48016683087195e-07	6.0303670155526e-05	TRUE
NGO_1449	6779.83902628634	0.612516120074997	0.181018758113985	3.38371628695687	0.000715118574646406	0.0165497104928508	FALSE
NGO_1486	3188.71336836121	0.382050299186058	0.118697420950418	3.21869082012867	0.00128777255441062	0.0245452551937061	FALSE
NGO_1491	4719.42489291146	-0.441761112671591	0.136349798490429	-3.23991027168698	0.00119567318636313	0.0233525306274872	FALSE
NGO_1494	13866.193111082	0.848521714313707	0.219333937756342	3.86862937397463	0.000109448859126125	0.00412257369375071	FALSE
NGO_1495	6380.39737823211	1.00192033280939	0.28709062603177	3.48990960331292	0.000483183959899067	0.0121332861041321	TRUE
NGO_1378	2965.29548163728	1.04050865990038	0.292119983976754	3.56192221338467	0.000368149471581249	0.00954774531215632	TRUE
NGO_1358	27093.5180417568	1.20357673955126	0.238672291298886	5.04280045664805	4.58767595052982e-07	4.53606459608636e-05	TRUE
NGO_1325	5120.39495436131	0.637636950068292	0.143094288331161	4.45606150675013	8.34790906525563e-06	0.000528255685649376	FALSE
NGO_1317	159.577295728133	-0.751018730584325	0.218598559929492	-3.43560694465033	0.000591228061330097	0.0139600416869286	FALSE
NGO_1297	3854.60344979807	0.824659399177872	0.239355029011012	3.44533976405372	0.000570342003102752	0.0136709249834629	FALSE
NGO_2059	3008.13328094026	2.67306001370432	0.280041558254281	9.54522618131253	1.35810922350933e-21	2.14852879159176e-18	TRUE
NGO_2065	1048.09382122724	0.55393363219096	0.153701540562386	3.60395627892958	0.000313409799550256	0.00913749603010373	FALSE
NGO_1717	3764.9848813908	0.515831390723104	0.154107068872631	3.34722731732337	0.000816242473335085	0.0176889807235083	FALSE
NGO_0616	2306.51312507323	0.775993900544847	0.199313022260147	3.89334270157222	9.88723216435949e-05	0.00391040032100418	FALSE
NGO_0606	2720.06832018433	-0.791736431668673	0.202857823589165	-3.90291297451819	9.50418823144951e-05	0.00385528866209054	FALSE
NGO_0590	6478.64311395666	-0.363102295362632	0.112001736295677	-3.24193452147979	0.00118721296179639	0.0233525306274872	FALSE
NGO_0574	4771.71937449856	0.797905793902466	0.181896893384656	4.38658285501962	1.1514531525174e-05	0.000650571031172329	FALSE
NGO_0556	1604.08159916818	0.516657578984361	0.134794949146591	3.83291497385773	0.000126633731936289	0.00465894334705138	FALSE
NGO_0546	2358.14067762856	-0.740549421593604	0.157351795757463	-4.70632964834454	2.5221655777946e-06	0.000199503297203553	FALSE
NGO_0489	15.3832700030139	1.63709289377361	0.536373044011215	3.05215355628382	0.0022720583729013	0.0366775137339782	TRUE
NGO_1275	1770.24388767856	-0.984979618275394	0.272777963820341	-3.61092078143134	0.000305111853605303	0.00910730098874696	FALSE
NGO_1804	1150.1902079752	1.02944935656614	0.233859163331535	4.40200564262996	1.07254766868778e-05	0.000628433485875583	TRUE
NGO_1803	2045.21751659081	0.56531945897469	0.145945132392836	3.87350677412822	0.000107280423291651	0.00412257369375071	FALSE
NGO_1802	1417.99372918774	0.515701299312962	0.168456225671994	3.06133713524545	0.0022035083194441	0.0359376305294904	FALSE
NGO_1793	252.50383977964	-0.69666585957518	0.218679177854083	-3.18578964129836	0.00144359520612179	0.0262502024837319	FALSE
NGO_1779	3312.09262655805	0.714662714279759	0.207266725570522	3.44803398766772	0.000564682975443614	0.0136709249834629	FALSE
NGO_1770	3328.07614864613	0.672445349189667	0.178342985648064	3.77051750449355	0.00016290937469154	0.00525964552575544	FALSE
NGO_1769	4073.15820066633	1.41856310036628	0.430190086291431	3.29752624611921	0.000975405579991177	0.0203038372045532	TRUE
NGO_1767	12747.8390810408	0.833216284404862	0.186340949980361	4.47146096707501	7.76870406736204e-06	0.000512087076440281	FALSE
NGO_2089	214.606078586773	0.913140711192248	0.292057322331784	3.12658043942106	0.00176852116241799	0.0310866719882806	FALSE
NGO_2096	4852.21078843853	1.7191128699526	0.246538301093711	6.97300525851825	3.10241024434443e-12	1.22700325163822e-09	TRUE
NGO_2109	1193.71915371624	1.52859191915741	0.471665060643104	3.24084195906565	0.00119177236306008	0.0233525306274872	TRUE
NGO_2113	2143.73040579452	0.668753631330315	0.222647378666571	3.00364475582628	0.00266766610285684	0.0422024777471952	FALSE
NGO_2133	1000.14261537044	0.498923572430911	0.13945795372231	3.57759137513498	0.000346775009863701	0.00954774531215632	FALSE
NGO_2166	3146.52446111021	0.61175171965158	0.177241083679358	3.45152324140764	0.000557431745536515	0.0136709249834629	FALSE
NGO_2172	1955.1812368759	0.424589908825925	0.135978358301807	3.12248150461958	0.00179333373040698	0.0311764171593828	FALSE
NGO_0021	23.4409261795629	1.38514646583272	0.364235987529402	3.802881959106	0.000143022512729908	0.00494319676239442	TRUE
NGO_0026	2370.23798459736	0.670569134167584	0.188106482420306	3.56483798718463	0.000364081012028017	0.00954774531215632	FALSE
NGO_0047	3081.69446078462	-0.434750813590112	0.110255864504699	-3.94310829218142	8.04323139470254e-05	0.00334852422800511	FALSE
NGO_0068	3786.63836173748	-0.337986230757919	0.105792353398246	-3.19480775217845	0.00139924013636304	0.0257395104154224	FALSE
NGO_0146	4847.09152231238	-0.450424178118075	0.144786757963372	-3.11094871142858	0.00186487326612023	0.0313854202872575	FALSE
NGO_0168	1138.79481777804	1.89727309104267	0.32910675397944	5.76491690948767	8.16980812417994e-09	1.43607071693918e-06	TRUE
NGO_0170	1141.58058940265	0.884765054168417	0.212320710387645	4.16711611671352	3.08477385904902e-05	0.00147882189242895	FALSE
NGO_0186	24790.2961930908	1.13030878995614	0.250923310144545	4.5045985935106	6.64985190668548e-06	0.000472452384612048	TRUE
NGO_1248	248.214088247307	-0.748707502013308	0.197313967353828	-3.79449824081996	0.000147942330765389	0.00494319676239442	FALSE
NGO_1247	1339.67584591214	-0.663217883381437	0.201079789555493	-3.29828216374976	0.000972783270994846	0.0203038372045532	FALSE
NGO_1237	9359.96975606681	-0.506027860838362	0.155698829238265	-3.25004281222945	0.00115387636072583	0.0233525306274872	FALSE
NGO_1228	2295.63075935958	-0.390485324564888	0.125487334423273	-3.11175088991666	0.00185981364690864	0.0313854202872575	FALSE
NGO_1214	2312.0845596028	-0.330742469305274	0.105659243572005	-3.1302748167024	0.00174642837439429	0.0310432549246266	FALSE
NGO_1205	524.560607972262	1.71153153507174	0.241170492015051	7.09677009310461	1.27706237815341e-12	6.73437560746229e-10	TRUE
NGO_1203	1566.35583940832	0.441523029908627	0.131784922743393	3.35033037708224	0.000807152274478562	0.0176889807235083	FALSE
NGO_0212	1633.97595280553	0.559964804243394	0.128229722947367	4.36688773376854	1.26029463832803e-05	0.00068751245442584	FALSE
NGO_0248	4943.16154869247	-0.678366089540883	0.181071250799634	-3.74640417263995	0.000179387484838825	0.00567582002030044	FALSE
NGO_0250	1004.39816577965	0.623405407393578	0.198854014838735	3.13499029878346	0.00171859794858186	0.0308957040301876	FALSE
NGO_0363	2706.69718600845	-0.750530574814478	0.176245467603919	-4.25843901132915	2.05859365826633e-05	0.00105054682818624	FALSE
NGO_0364	784.291722782592	-0.915042952084208	0.230879499556539	-3.9632923401245	7.39231668730439e-05	0.00324851249980987	FALSE
NGO_0365	1297.3912965945	-0.759948597245576	0.190712471997613	-3.98478709486335	6.75406546506096e-05	0.00305283759020755	FALSE
